# Potential at   1: KP=  1 of type  0 and multipole =  0
   0.000   3.413470E-01   0.000000E+00
   0.100   3.413470E-01   0.000000E+00
   0.200   3.412618E-01   0.000000E+00
   0.300   3.411196E-01   0.000000E+00
   0.400   3.409207E-01   0.000000E+00
   0.500   3.406649E-01   0.000000E+00
   0.600   3.403522E-01   0.000000E+00
   0.700   3.399827E-01   0.000000E+00
   0.800   3.395563E-01   0.000000E+00
   0.900   3.390731E-01   0.000000E+00
   1.000   3.385330E-01   0.000000E+00
   1.100   3.379361E-01   0.000000E+00
   1.200   3.372824E-01   0.000000E+00
   1.300   3.365718E-01   0.000000E+00
   1.400   3.358043E-01   0.000000E+00
   1.500   3.349800E-01   0.000000E+00
   1.600   3.340989E-01   0.000000E+00
   1.700   3.331609E-01   0.000000E+00
   1.800   3.321660E-01   0.000000E+00
   1.900   3.311143E-01   0.000000E+00
   2.000   3.300058E-01   0.000000E+00
   2.100   3.288404E-01   0.000000E+00
   2.200   3.276181E-01   0.000000E+00
   2.300   3.263390E-01   0.000000E+00
   2.400   3.250031E-01   0.000000E+00
   2.500   3.236103E-01   0.000000E+00
   2.600   3.221607E-01   0.000000E+00
   2.700   3.206542E-01   0.000000E+00
   2.800   3.190908E-01   0.000000E+00
   2.900   3.174707E-01   0.000000E+00
   3.000   3.157936E-01   0.000000E+00
   3.100   3.140597E-01   0.000000E+00
   3.200   3.122690E-01   0.000000E+00
   3.300   3.104214E-01   0.000000E+00
   3.400   3.085170E-01   0.000000E+00
   3.500   3.065557E-01   0.000000E+00
   3.600   3.045376E-01   0.000000E+00
   3.700   3.024627E-01   0.000000E+00
   3.800   3.003308E-01   0.000000E+00
   3.900   2.981422E-01   0.000000E+00
   4.000   2.958966E-01   0.000000E+00
   4.100   2.935943E-01   0.000000E+00
   4.200   2.912351E-01   0.000000E+00
   4.300   2.888190E-01   0.000000E+00
   4.400   2.863461E-01   0.000000E+00
   4.500   2.838163E-01   0.000000E+00
   4.600   2.812297E-01   0.000000E+00
   4.700   2.785863E-01   0.000000E+00
   4.800   2.758860E-01   0.000000E+00
   4.900   2.731288E-01   0.000000E+00
   5.000   2.703148E-01   0.000000E+00
   5.100   2.674440E-01   0.000000E+00
   5.200   2.645163E-01   0.000000E+00
   5.300   2.615317E-01   0.000000E+00
   5.400   2.584903E-01   0.000000E+00
   5.500   2.553921E-01   0.000000E+00
   5.600   2.522370E-01   0.000000E+00
   5.700   2.490250E-01   0.000000E+00
   5.800   2.457563E-01   0.000000E+00
   5.900   2.424306E-01   0.000000E+00
   6.000   2.390481E-01   0.000000E+00
   6.100   2.356088E-01   0.000000E+00
   6.200   2.321126E-01   0.000000E+00
   6.300   2.285596E-01   0.000000E+00
   6.400   2.249946E-01   0.000000E+00
   6.500   2.215331E-01   0.000000E+00
   6.600   2.181765E-01   0.000000E+00
   6.700   2.149202E-01   0.000000E+00
   6.800   2.117596E-01   0.000000E+00
   6.900   2.086906E-01   0.000000E+00
   7.000   2.057093E-01   0.000000E+00
   7.100   2.028120E-01   0.000000E+00
   7.200   1.999952E-01   0.000000E+00
   7.300   1.972555E-01   0.000000E+00
   7.400   1.945899E-01   0.000000E+00
   7.500   1.919954E-01   0.000000E+00
   7.600   1.894691E-01   0.000000E+00
   7.700   1.870085E-01   0.000000E+00
   7.800   1.846109E-01   0.000000E+00
   7.900   1.822741E-01   0.000000E+00
   8.000   1.799956E-01   0.000000E+00
   8.100   1.777735E-01   0.000000E+00
   8.200   1.756055E-01   0.000000E+00
   8.300   1.734898E-01   0.000000E+00
   8.400   1.714244E-01   0.000000E+00
   8.500   1.694077E-01   0.000000E+00
   8.600   1.674378E-01   0.000000E+00
   8.700   1.655132E-01   0.000000E+00
   8.800   1.636324E-01   0.000000E+00
   8.900   1.617938E-01   0.000000E+00
   9.000   1.599961E-01   0.000000E+00
   9.100   1.582379E-01   0.000000E+00
   9.200   1.565180E-01   0.000000E+00
   9.300   1.548350E-01   0.000000E+00
   9.400   1.531878E-01   0.000000E+00
   9.500   1.515753E-01   0.000000E+00
   9.600   1.499964E-01   0.000000E+00
   9.700   1.484500E-01   0.000000E+00
   9.800   1.469352E-01   0.000000E+00
   9.900   1.454510E-01   0.000000E+00
  10.000   1.439965E-01   0.000000E+00
  10.100   1.425708E-01   0.000000E+00
  10.200   1.411731E-01   0.000000E+00
  10.300   1.398024E-01   0.000000E+00
  10.400   1.384582E-01   0.000000E+00
  10.500   1.371395E-01   0.000000E+00
  10.600   1.358458E-01   0.000000E+00
  10.700   1.345762E-01   0.000000E+00
  10.800   1.333301E-01   0.000000E+00
  10.900   1.321069E-01   0.000000E+00
  11.000   1.309059E-01   0.000000E+00
  11.100   1.297266E-01   0.000000E+00
  11.200   1.285683E-01   0.000000E+00
  11.300   1.274305E-01   0.000000E+00
  11.400   1.263127E-01   0.000000E+00
  11.500   1.252144E-01   0.000000E+00
  11.600   1.241349E-01   0.000000E+00
  11.700   1.230739E-01   0.000000E+00
  11.800   1.220309E-01   0.000000E+00
  11.900   1.210055E-01   0.000000E+00
  12.000   1.199971E-01   0.000000E+00
  12.100   1.190054E-01   0.000000E+00
  12.200   1.180299E-01   0.000000E+00
  12.300   1.170703E-01   0.000000E+00
  12.400   1.161262E-01   0.000000E+00
  12.500   1.151972E-01   0.000000E+00
  12.600   1.142829E-01   0.000000E+00
  12.700   1.133831E-01   0.000000E+00
  12.800   1.124973E-01   0.000000E+00
  12.900   1.116252E-01   0.000000E+00
  13.000   1.107666E-01   0.000000E+00
  13.100   1.099210E-01   0.000000E+00
  13.200   1.090883E-01   0.000000E+00
  13.300   1.082681E-01   0.000000E+00
  13.400   1.074601E-01   0.000000E+00
  13.500   1.066641E-01   0.000000E+00
  13.600   1.058798E-01   0.000000E+00
  13.700   1.051069E-01   0.000000E+00
  13.800   1.043453E-01   0.000000E+00
  13.900   1.035946E-01   0.000000E+00
  14.000   1.028547E-01   0.000000E+00
  14.100   1.021252E-01   0.000000E+00
  14.200   1.014060E-01   0.000000E+00
  14.300   1.006969E-01   0.000000E+00
  14.400   9.999758E-02   0.000000E+00
  14.500   9.930794E-02   0.000000E+00
  14.600   9.862775E-02   0.000000E+00
  14.700   9.795681E-02   0.000000E+00
  14.800   9.729494E-02   0.000000E+00
  14.900   9.664196E-02   0.000000E+00
  15.000   9.599768E-02   0.000000E+00
  15.100   9.536193E-02   0.000000E+00
  15.200   9.473455E-02   0.000000E+00
  15.300   9.411537E-02   0.000000E+00
  15.400   9.350423E-02   0.000000E+00
  15.500   9.290098E-02   0.000000E+00
  15.600   9.230546E-02   0.000000E+00
  15.700   9.171753E-02   0.000000E+00
  15.800   9.113703E-02   0.000000E+00
  15.900   9.056385E-02   0.000000E+00
  16.000   8.999782E-02   0.000000E+00
  16.100   8.943883E-02   0.000000E+00
  16.200   8.888674E-02   0.000000E+00
  16.300   8.834142E-02   0.000000E+00
  16.400   8.780275E-02   0.000000E+00
  16.500   8.727062E-02   0.000000E+00
  16.600   8.674489E-02   0.000000E+00
  16.700   8.622546E-02   0.000000E+00
  16.800   8.571221E-02   0.000000E+00
  16.900   8.520504E-02   0.000000E+00
  17.000   8.470383E-02   0.000000E+00
  17.100   8.420849E-02   0.000000E+00
  17.200   8.371890E-02   0.000000E+00
  17.300   8.323498E-02   0.000000E+00
  17.400   8.275662E-02   0.000000E+00
  17.500   8.228372E-02   0.000000E+00
  17.600   8.181620E-02   0.000000E+00
  17.700   8.135396E-02   0.000000E+00
  17.800   8.089692E-02   0.000000E+00
  17.900   8.044498E-02   0.000000E+00
  18.000   7.999806E-02   0.000000E+00
  18.100   7.955609E-02   0.000000E+00
  18.200   7.911896E-02   0.000000E+00
  18.300   7.868662E-02   0.000000E+00
  18.400   7.825898E-02   0.000000E+00
  18.500   7.783595E-02   0.000000E+00
  18.600   7.741748E-02   0.000000E+00
  18.700   7.700348E-02   0.000000E+00
  18.800   7.659389E-02   0.000000E+00
  18.900   7.618863E-02   0.000000E+00
  19.000   7.578764E-02   0.000000E+00
  19.100   7.539085E-02   0.000000E+00
  19.200   7.499818E-02   0.000000E+00
  19.300   7.460959E-02   0.000000E+00
  19.400   7.422501E-02   0.000000E+00
  19.500   7.384437E-02   0.000000E+00
  19.600   7.346761E-02   0.000000E+00
  19.700   7.309468E-02   0.000000E+00
  19.800   7.272551E-02   0.000000E+00
  19.900   7.236006E-02   0.000000E+00
  20.000   7.199826E-02   0.000000E+00
  20.100   7.164006E-02   0.000000E+00
  20.200   7.128540E-02   0.000000E+00
  20.300   7.093424E-02   0.000000E+00
  20.400   7.058653E-02   0.000000E+00
  20.500   7.024220E-02   0.000000E+00
  20.600   6.990122E-02   0.000000E+00
  20.700   6.956353E-02   0.000000E+00
  20.800   6.922909E-02   0.000000E+00
  20.900   6.889785E-02   0.000000E+00
  21.000   6.856977E-02   0.000000E+00
  21.100   6.824479E-02   0.000000E+00
  21.200   6.792288E-02   0.000000E+00
  21.300   6.760400E-02   0.000000E+00
  21.400   6.728809E-02   0.000000E+00
  21.500   6.697512E-02   0.000000E+00
  21.600   6.666505E-02   0.000000E+00
  21.700   6.635784E-02   0.000000E+00
  21.800   6.605345E-02   0.000000E+00
  21.900   6.575183E-02   0.000000E+00
  22.000   6.545296E-02   0.000000E+00
  22.100   6.515679E-02   0.000000E+00
  22.200   6.486330E-02   0.000000E+00
  22.300   6.457243E-02   0.000000E+00
  22.400   6.428416E-02   0.000000E+00
  22.500   6.399845E-02   0.000000E+00
  22.600   6.371527E-02   0.000000E+00
  22.700   6.343459E-02   0.000000E+00
  22.800   6.315637E-02   0.000000E+00
  22.900   6.288057E-02   0.000000E+00
  23.000   6.260718E-02   0.000000E+00
  23.100   6.233615E-02   0.000000E+00
  23.200   6.206746E-02   0.000000E+00
  23.300   6.180108E-02   0.000000E+00
  23.400   6.153697E-02   0.000000E+00
  23.500   6.127511E-02   0.000000E+00
  23.600   6.101547E-02   0.000000E+00
  23.700   6.075802E-02   0.000000E+00
  23.800   6.050274E-02   0.000000E+00
  23.900   6.024959E-02   0.000000E+00
  24.000   5.999855E-02   0.000000E+00
  24.100   5.974959E-02   0.000000E+00
  24.200   5.950269E-02   0.000000E+00
  24.300   5.925783E-02   0.000000E+00
  24.400   5.901497E-02   0.000000E+00
  24.500   5.877409E-02   0.000000E+00
  24.600   5.853517E-02   0.000000E+00
  24.700   5.829818E-02   0.000000E+00
  24.800   5.806311E-02   0.000000E+00
  24.900   5.782993E-02   0.000000E+00
  25.000   5.759861E-02   0.000000E+00
  25.100   5.736913E-02   0.000000E+00
  25.200   5.714147E-02   0.000000E+00
  25.300   5.691562E-02   0.000000E+00
  25.400   5.669154E-02   0.000000E+00
  25.500   5.646922E-02   0.000000E+00
  25.600   5.624864E-02   0.000000E+00
  25.700   5.602977E-02   0.000000E+00
  25.800   5.581260E-02   0.000000E+00
  25.900   5.559711E-02   0.000000E+00
  26.000   5.538328E-02   0.000000E+00
  26.100   5.517108E-02   0.000000E+00
  26.200   5.496050E-02   0.000000E+00
  26.300   5.475153E-02   0.000000E+00
  26.400   5.454413E-02   0.000000E+00
  26.500   5.433831E-02   0.000000E+00
  26.600   5.413403E-02   0.000000E+00
  26.700   5.393128E-02   0.000000E+00
  26.800   5.373004E-02   0.000000E+00
  26.900   5.353030E-02   0.000000E+00
  27.000   5.333204E-02   0.000000E+00
  27.100   5.313525E-02   0.000000E+00
  27.200   5.293990E-02   0.000000E+00
  27.300   5.274598E-02   0.000000E+00
  27.400   5.255347E-02   0.000000E+00
  27.500   5.236237E-02   0.000000E+00
  27.600   5.217265E-02   0.000000E+00
  27.700   5.198430E-02   0.000000E+00
  27.800   5.179731E-02   0.000000E+00
  27.900   5.161165E-02   0.000000E+00
  28.000   5.142733E-02   0.000000E+00
  28.100   5.124431E-02   0.000000E+00
  28.200   5.106259E-02   0.000000E+00
  28.300   5.088216E-02   0.000000E+00
  28.400   5.070300E-02   0.000000E+00
  28.500   5.052509E-02   0.000000E+00
  28.600   5.034843E-02   0.000000E+00
  28.700   5.017300E-02   0.000000E+00
  28.800   4.999879E-02   0.000000E+00
  28.900   4.982578E-02   0.000000E+00
  29.000   4.965397E-02   0.000000E+00
  29.100   4.948334E-02   0.000000E+00
  29.200   4.931388E-02   0.000000E+00
  29.300   4.914557E-02   0.000000E+00
  29.400   4.897841E-02   0.000000E+00
  29.500   4.881238E-02   0.000000E+00
  29.600   4.864747E-02   0.000000E+00
  29.700   4.848368E-02   0.000000E+00
  29.800   4.832098E-02   0.000000E+00
  29.900   4.815937E-02   0.000000E+00
  30.000   4.799884E-02   0.000000E+00
  30.100   4.783937E-02   0.000000E+00
  30.200   4.768097E-02   0.000000E+00
  30.300   4.752360E-02   0.000000E+00
  30.400   4.736727E-02   0.000000E+00
  30.500   4.721197E-02   0.000000E+00
  30.600   4.705768E-02   0.000000E+00
  30.700   4.690440E-02   0.000000E+00
  30.800   4.675212E-02   0.000000E+00
  30.900   4.660081E-02   0.000000E+00
  31.000   4.645049E-02   0.000000E+00
  31.100   4.630113E-02   0.000000E+00
  31.200   4.615273E-02   0.000000E+00
  31.300   4.600528E-02   0.000000E+00
  31.400   4.585876E-02   0.000000E+00
  31.500   4.571318E-02   0.000000E+00
  31.600   4.556852E-02   0.000000E+00
  31.700   4.542477E-02   0.000000E+00
  31.800   4.528192E-02   0.000000E+00
  31.900   4.513997E-02   0.000000E+00
  32.000   4.499891E-02   0.000000E+00
  32.100   4.485873E-02   0.000000E+00
  32.200   4.471941E-02   0.000000E+00
  32.300   4.458096E-02   0.000000E+00
  32.400   4.444337E-02   0.000000E+00
  32.500   4.430662E-02   0.000000E+00
  32.600   4.417071E-02   0.000000E+00
  32.700   4.403563E-02   0.000000E+00
  32.800   4.390138E-02   0.000000E+00
  32.900   4.376794E-02   0.000000E+00
  33.000   4.363531E-02   0.000000E+00
  33.100   4.350348E-02   0.000000E+00
  33.200   4.337244E-02   0.000000E+00
  33.300   4.324220E-02   0.000000E+00
  33.400   4.311273E-02   0.000000E+00
  33.500   4.298403E-02   0.000000E+00
  33.600   4.285611E-02   0.000000E+00
  33.700   4.272894E-02   0.000000E+00
  33.800   4.260252E-02   0.000000E+00
  33.900   4.247685E-02   0.000000E+00
  34.000   4.235192E-02   0.000000E+00
  34.100   4.222772E-02   0.000000E+00
  34.200   4.210424E-02   0.000000E+00
  34.300   4.198149E-02   0.000000E+00
  34.400   4.185945E-02   0.000000E+00
  34.500   4.173812E-02   0.000000E+00
  34.600   4.161749E-02   0.000000E+00
  34.700   4.149755E-02   0.000000E+00
  34.800   4.137831E-02   0.000000E+00
  34.900   4.125975E-02   0.000000E+00
  35.000   4.114186E-02   0.000000E+00
  35.100   4.102465E-02   0.000000E+00
  35.200   4.090810E-02   0.000000E+00
  35.300   4.079221E-02   0.000000E+00
  35.400   4.067698E-02   0.000000E+00
  35.500   4.056240E-02   0.000000E+00
  35.600   4.044846E-02   0.000000E+00
  35.700   4.033516E-02   0.000000E+00
  35.800   4.022249E-02   0.000000E+00
  35.900   4.011045E-02   0.000000E+00
  36.000   3.999903E-02   0.000000E+00
  36.100   3.988823E-02   0.000000E+00
  36.200   3.977804E-02   0.000000E+00
  36.300   3.966846E-02   0.000000E+00
  36.400   3.955948E-02   0.000000E+00
  36.500   3.945110E-02   0.000000E+00
  36.600   3.934331E-02   0.000000E+00
  36.700   3.923611E-02   0.000000E+00
  36.800   3.912949E-02   0.000000E+00
  36.900   3.902345E-02   0.000000E+00
  37.000   3.891798E-02   0.000000E+00
  37.100   3.881308E-02   0.000000E+00
  37.200   3.870874E-02   0.000000E+00
  37.300   3.860496E-02   0.000000E+00
  37.400   3.850174E-02   0.000000E+00
  37.500   3.839907E-02   0.000000E+00
  37.600   3.829695E-02   0.000000E+00
  37.700   3.819536E-02   0.000000E+00
  37.800   3.809432E-02   0.000000E+00
  37.900   3.799380E-02   0.000000E+00
  38.000   3.789382E-02   0.000000E+00
  38.100   3.779436E-02   0.000000E+00
  38.200   3.769542E-02   0.000000E+00
  38.300   3.759700E-02   0.000000E+00
  38.400   3.749909E-02   0.000000E+00
  38.500   3.740169E-02   0.000000E+00
  38.600   3.730480E-02   0.000000E+00
  38.700   3.720840E-02   0.000000E+00
  38.800   3.711250E-02   0.000000E+00
  38.900   3.701710E-02   0.000000E+00
  39.000   3.692218E-02   0.000000E+00
  39.100   3.682775E-02   0.000000E+00
  39.200   3.673380E-02   0.000000E+00
  39.300   3.664033E-02   0.000000E+00
  39.400   3.654734E-02   0.000000E+00
  39.500   3.645481E-02   0.000000E+00
  39.600   3.636276E-02   0.000000E+00
  39.700   3.627116E-02   0.000000E+00
  39.800   3.618003E-02   0.000000E+00
  39.900   3.608935E-02   0.000000E+00
  40.000   3.599913E-02   0.000000E+00
  40.100   3.590936E-02   0.000000E+00
  40.200   3.582003E-02   0.000000E+00
  40.300   3.573115E-02   0.000000E+00
  40.400   3.564270E-02   0.000000E+00
  40.500   3.555470E-02   0.000000E+00
  40.600   3.546712E-02   0.000000E+00
  40.700   3.537998E-02   0.000000E+00
  40.800   3.529326E-02   0.000000E+00
  40.900   3.520697E-02   0.000000E+00
  41.000   3.512110E-02   0.000000E+00
  41.100   3.503565E-02   0.000000E+00
  41.200   3.495061E-02   0.000000E+00
  41.300   3.486598E-02   0.000000E+00
  41.400   3.478177E-02   0.000000E+00
  41.500   3.469796E-02   0.000000E+00
  41.600   3.461455E-02   0.000000E+00
  41.700   3.453154E-02   0.000000E+00
  41.800   3.444893E-02   0.000000E+00
  41.900   3.436671E-02   0.000000E+00
  42.000   3.428488E-02   0.000000E+00
  42.100   3.420345E-02   0.000000E+00
  42.200   3.412240E-02   0.000000E+00
  42.300   3.404173E-02   0.000000E+00
  42.400   3.396144E-02   0.000000E+00
  42.500   3.388153E-02   0.000000E+00
  42.600   3.380200E-02   0.000000E+00
  42.700   3.372284E-02   0.000000E+00
  42.800   3.364405E-02   0.000000E+00
  42.900   3.356562E-02   0.000000E+00
  43.000   3.348756E-02   0.000000E+00
  43.100   3.340986E-02   0.000000E+00
  43.200   3.333253E-02   0.000000E+00
  43.300   3.325555E-02   0.000000E+00
  43.400   3.317892E-02   0.000000E+00
  43.500   3.310265E-02   0.000000E+00
  43.600   3.302672E-02   0.000000E+00
  43.700   3.295115E-02   0.000000E+00
  43.800   3.287592E-02   0.000000E+00
  43.900   3.280103E-02   0.000000E+00
  44.000   3.272648E-02   0.000000E+00
  44.100   3.265227E-02   0.000000E+00
  44.200   3.257840E-02   0.000000E+00
  44.300   3.250486E-02   0.000000E+00
  44.400   3.243165E-02   0.000000E+00
  44.500   3.235877E-02   0.000000E+00
  44.600   3.228621E-02   0.000000E+00
  44.700   3.221399E-02   0.000000E+00
  44.800   3.214208E-02   0.000000E+00
  44.900   3.207049E-02   0.000000E+00
  45.000   3.199923E-02   0.000000E+00
  45.100   3.192827E-02   0.000000E+00
  45.200   3.185764E-02   0.000000E+00
  45.300   3.178731E-02   0.000000E+00
  45.400   3.171729E-02   0.000000E+00
  45.500   3.164759E-02   0.000000E+00
  45.600   3.157818E-02   0.000000E+00
  45.700   3.150908E-02   0.000000E+00
  45.800   3.144029E-02   0.000000E+00
  45.900   3.137179E-02   0.000000E+00
  46.000   3.130359E-02   0.000000E+00
  46.100   3.123569E-02   0.000000E+00
  46.200   3.116808E-02   0.000000E+00
  46.300   3.110076E-02   0.000000E+00
  46.400   3.103373E-02   0.000000E+00
  46.500   3.096699E-02   0.000000E+00
  46.600   3.090054E-02   0.000000E+00
  46.700   3.083437E-02   0.000000E+00
  46.800   3.076849E-02   0.000000E+00
  46.900   3.070288E-02   0.000000E+00
  47.000   3.063756E-02   0.000000E+00
  47.100   3.057251E-02   0.000000E+00
  47.200   3.050774E-02   0.000000E+00
  47.300   3.044324E-02   0.000000E+00
  47.400   3.037901E-02   0.000000E+00
  47.500   3.031506E-02   0.000000E+00
  47.600   3.025137E-02   0.000000E+00
  47.700   3.018795E-02   0.000000E+00
  47.800   3.012479E-02   0.000000E+00
  47.900   3.006190E-02   0.000000E+00
  48.000   2.999927E-02   0.000000E+00
  48.100   2.993691E-02   0.000000E+00
  48.200   2.987480E-02   0.000000E+00
  48.300   2.981294E-02   0.000000E+00
  48.400   2.975135E-02   0.000000E+00
  48.500   2.969000E-02   0.000000E+00
  48.600   2.962891E-02   0.000000E+00
  48.700   2.956807E-02   0.000000E+00
  48.800   2.950748E-02   0.000000E+00
  48.900   2.944714E-02   0.000000E+00
  49.000   2.938704E-02   0.000000E+00
  49.100   2.932719E-02   0.000000E+00
  49.200   2.926758E-02   0.000000E+00
  49.300   2.920822E-02   0.000000E+00
  49.400   2.914909E-02   0.000000E+00
  49.500   2.909021E-02   0.000000E+00
  49.600   2.903156E-02   0.000000E+00
  49.700   2.897314E-02   0.000000E+00
  49.800   2.891496E-02   0.000000E+00
  49.900   2.885702E-02   0.000000E+00
  50.000   2.879930E-02   0.000000E+00
  50.100   2.874182E-02   0.000000E+00
  50.200   2.868456E-02   0.000000E+00
  50.300   2.862754E-02   0.000000E+00
  50.400   2.857074E-02   0.000000E+00
  50.500   2.851416E-02   0.000000E+00
  50.600   2.845781E-02   0.000000E+00
  50.700   2.840168E-02   0.000000E+00
  50.800   2.834577E-02   0.000000E+00
  50.900   2.829008E-02   0.000000E+00
  51.000   2.823461E-02   0.000000E+00
  51.100   2.817936E-02   0.000000E+00
  51.200   2.812432E-02   0.000000E+00
  51.300   2.806950E-02   0.000000E+00
  51.400   2.801489E-02   0.000000E+00
  51.500   2.796049E-02   0.000000E+00
  51.600   2.790630E-02   0.000000E+00
  51.700   2.785232E-02   0.000000E+00
  51.800   2.779856E-02   0.000000E+00
  51.900   2.774499E-02   0.000000E+00
  52.000   2.769164E-02   0.000000E+00
  52.100   2.763849E-02   0.000000E+00
  52.200   2.758554E-02   0.000000E+00
  52.300   2.753279E-02   0.000000E+00
  52.400   2.748025E-02   0.000000E+00
  52.500   2.742791E-02   0.000000E+00
  52.600   2.737576E-02   0.000000E+00
  52.700   2.732382E-02   0.000000E+00
  52.800   2.727207E-02   0.000000E+00
  52.900   2.722051E-02   0.000000E+00
  53.000   2.716915E-02   0.000000E+00
  53.100   2.711799E-02   0.000000E+00
  53.200   2.706701E-02   0.000000E+00
  53.300   2.701623E-02   0.000000E+00
  53.400   2.696564E-02   0.000000E+00
  53.500   2.691524E-02   0.000000E+00
  53.600   2.686502E-02   0.000000E+00
  53.700   2.681499E-02   0.000000E+00
  53.800   2.676515E-02   0.000000E+00
  53.900   2.671549E-02   0.000000E+00
  54.000   2.666602E-02   0.000000E+00
  54.100   2.661673E-02   0.000000E+00
  54.200   2.656762E-02   0.000000E+00
  54.300   2.651870E-02   0.000000E+00
  54.400   2.646995E-02   0.000000E+00
  54.500   2.642138E-02   0.000000E+00
  54.600   2.637299E-02   0.000000E+00
  54.700   2.632477E-02   0.000000E+00
  54.800   2.627674E-02   0.000000E+00
  54.900   2.622887E-02   0.000000E+00
  55.000   2.618118E-02   0.000000E+00
  55.100   2.613367E-02   0.000000E+00
  55.200   2.608633E-02   0.000000E+00
  55.300   2.603915E-02   0.000000E+00
  55.400   2.599215E-02   0.000000E+00
  55.500   2.594532E-02   0.000000E+00
  55.600   2.589865E-02   0.000000E+00
  55.700   2.585216E-02   0.000000E+00
  55.800   2.580583E-02   0.000000E+00
  55.900   2.575966E-02   0.000000E+00
  56.000   2.571366E-02   0.000000E+00
  56.100   2.566783E-02   0.000000E+00
  56.200   2.562216E-02   0.000000E+00
  56.300   2.557665E-02   0.000000E+00
  56.400   2.553130E-02   0.000000E+00
  56.500   2.548611E-02   0.000000E+00
  56.600   2.544108E-02   0.000000E+00
  56.700   2.539621E-02   0.000000E+00
  56.800   2.535150E-02   0.000000E+00
  56.900   2.530694E-02   0.000000E+00
  57.000   2.526255E-02   0.000000E+00
  57.100   2.521830E-02   0.000000E+00
  57.200   2.517422E-02   0.000000E+00
  57.300   2.513028E-02   0.000000E+00
  57.400   2.508650E-02   0.000000E+00
  57.500   2.504287E-02   0.000000E+00
  57.600   2.499939E-02   0.000000E+00
  57.700   2.495607E-02   0.000000E+00
  57.800   2.491289E-02   0.000000E+00
  57.900   2.486986E-02   0.000000E+00
  58.000   2.482699E-02   0.000000E+00
  58.100   2.478425E-02   0.000000E+00
  58.200   2.474167E-02   0.000000E+00
  58.300   2.469923E-02   0.000000E+00
  58.400   2.465694E-02   0.000000E+00
  58.500   2.461479E-02   0.000000E+00
  58.600   2.457278E-02   0.000000E+00
  58.700   2.453092E-02   0.000000E+00
  58.800   2.448920E-02   0.000000E+00
  58.900   2.444763E-02   0.000000E+00
  59.000   2.440619E-02   0.000000E+00
  59.100   2.436489E-02   0.000000E+00
  59.200   2.432374E-02   0.000000E+00
  59.300   2.428272E-02   0.000000E+00
  59.400   2.424184E-02   0.000000E+00
  59.500   2.420109E-02   0.000000E+00
  59.600   2.416049E-02   0.000000E+00
  59.700   2.412002E-02   0.000000E+00
  59.800   2.407968E-02   0.000000E+00
  59.900   2.403948E-02   0.000000E+00
  60.000   2.399942E-02   0.000000E+00
  60.100   2.395949E-02   0.000000E+00
 &
# Potential at   2: KP=  1 of type  1 and multipole =  0
   0.000  -3.999744E+01  -9.999965E+00
   0.100  -3.999724E+01  -9.999961E+00
   0.200  -3.999678E+01  -9.999952E+00
   0.300  -3.999624E+01  -9.999942E+00
   0.400  -3.999562E+01  -9.999928E+00
   0.500  -3.999489E+01  -9.999913E+00
   0.600  -3.999404E+01  -9.999894E+00
   0.700  -3.999305E+01  -9.999870E+00
   0.800  -3.999189E+01  -9.999842E+00
   0.900  -3.999054E+01  -9.999806E+00
   1.000  -3.998897E+01  -9.999764E+00
   1.100  -3.998714E+01  -9.999712E+00
   1.200  -3.998500E+01  -9.999648E+00
   1.300  -3.998250E+01  -9.999570E+00
   1.400  -3.997960E+01  -9.999475E+00
   1.500  -3.997620E+01  -9.999358E+00
   1.600  -3.997225E+01  -9.999217E+00
   1.700  -3.996764E+01  -9.999043E+00
   1.800  -3.996226E+01  -9.998832E+00
   1.900  -3.995599E+01  -9.998572E+00
   2.000  -3.994868E+01  -9.998257E+00
   2.100  -3.994016E+01  -9.997870E+00
   2.200  -3.993022E+01  -9.997399E+00
   2.300  -3.991864E+01  -9.996824E+00
   2.400  -3.990514E+01  -9.996121E+00
   2.500  -3.988940E+01  -9.995262E+00
   2.600  -3.987107E+01  -9.994214E+00
   2.700  -3.984971E+01  -9.992934E+00
   2.800  -3.982482E+01  -9.991371E+00
   2.900  -3.979584E+01  -9.989463E+00
   3.000  -3.976208E+01  -9.987133E+00
   3.100  -3.972279E+01  -9.984288E+00
   3.200  -3.967706E+01  -9.980817E+00
   3.300  -3.962386E+01  -9.976580E+00
   3.400  -3.956199E+01  -9.971409E+00
   3.500  -3.949007E+01  -9.965101E+00
   3.600  -3.940652E+01  -9.957407E+00
   3.700  -3.930952E+01  -9.948026E+00
   3.800  -3.919699E+01  -9.936591E+00
   3.900  -3.906656E+01  -9.922661E+00
   4.000  -3.891552E+01  -9.905700E+00
   4.100  -3.874084E+01  -9.885061E+00
   4.200  -3.853907E+01  -9.859970E+00
   4.300  -3.830639E+01  -9.829495E+00
   4.400  -3.803854E+01  -9.792529E+00
   4.500  -3.773083E+01  -9.747752E+00
   4.600  -3.737818E+01  -9.693616E+00
   4.700  -3.697511E+01  -9.628303E+00
   4.800  -3.651586E+01  -9.549713E+00
   4.900  -3.599443E+01  -9.455447E+00
   5.000  -3.540479E+01  -9.342806E+00
   5.100  -3.474103E+01  -9.208813E+00
   5.200  -3.399765E+01  -9.050279E+00
   5.300  -3.316985E+01  -8.863896E+00
   5.400  -3.225389E+01  -8.646407E+00
   5.500  -3.124751E+01  -8.394824E+00
   5.600  -3.015031E+01  -8.106719E+00
   5.700  -2.896414E+01  -7.780574E+00
   5.800  -2.769344E+01  -7.416154E+00
   5.900  -2.634540E+01  -7.014855E+00
   6.000  -2.493004E+01  -6.579972E+00
   6.100  -2.346009E+01  -6.116806E+00
   6.200  -2.195056E+01  -5.632547E+00
   6.300  -2.041826E+01  -5.135921E+00
   6.400  -1.888103E+01  -4.636597E+00
   6.500  -1.735695E+01  -4.144454E+00
   6.600  -1.586348E+01  -3.668816E+00
   6.700  -1.441670E+01  -3.217768E+00
   6.800  -1.303063E+01  -2.797669E+00
   6.900  -1.171680E+01  -2.412904E+00
   7.000  -1.048393E+01  -2.065877E+00
   7.100  -9.337963E+00  -1.757200E+00
   7.200  -8.282109E+00  -1.486007E+00
   7.300  -7.317151E+00  -1.250319E+00
   7.400  -6.441787E+00  -1.047414E+00
   7.500  -5.653032E+00  -8.741469E-01
   7.600  -4.946619E+00  -7.272141E-01
   7.700  -4.317384E+00  -6.033459E-01
   7.800  -3.759606E+00  -4.994402E-01
   7.900  -3.267291E+00  -4.126428E-01
   8.000  -2.834402E+00  -3.403895E-01
   8.100  -2.455034E+00  -2.804176E-01
   8.200  -2.123541E+00  -2.307594E-01
   8.300  -1.834621E+00  -1.897235E-01
   8.400  -1.583367E+00  -1.558685E-01
   8.500  -1.365291E+00  -1.279759E-01
   8.600  -1.176331E+00  -1.050214E-01
   8.700  -1.012838E+00  -8.614828E-02
   8.800  -8.715585E-01  -7.064256E-02
   8.900  -7.496068E-01  -5.791140E-02
   9.000  -6.444379E-01  -4.746367E-02
   9.100  -5.538159E-01  -3.889343E-02
   9.200  -4.757832E-01  -3.186571E-02
   9.300  -4.086315E-01  -2.610452E-02
   9.400  -3.508734E-01  -2.138269E-02
   9.500  -3.012170E-01  -1.751345E-02
   9.600  -2.585422E-01  -1.434336E-02
   9.700  -2.218796E-01  -1.174640E-02
   9.800  -1.903911E-01  -9.619188E-03
   9.900  -1.633529E-01  -7.876898E-03
  10.000  -1.401410E-01  -6.449980E-03
  10.100  -1.202175E-01  -5.281414E-03
  10.200  -1.031192E-01  -4.324470E-03
  10.300  -8.844730E-02  -3.540854E-03
  10.400  -7.585898E-02  -2.899193E-03
  10.500  -6.505938E-02  -2.373783E-03
  10.600  -5.579511E-02  -1.943573E-03
  10.700  -4.784846E-02  -1.591319E-03
  10.800  -4.103246E-02  -1.302899E-03
  10.900  -3.518654E-02  -1.066749E-03
  11.000  -3.017286E-02  -8.733969E-04
  11.100  -2.587311E-02  -7.150882E-04
  11.200  -2.218575E-02  -5.854723E-04
  11.300  -1.902365E-02  -4.793493E-04
  11.400  -1.631206E-02  -3.924614E-04
  11.500  -1.398684E-02  -3.213225E-04
  11.600  -1.199297E-02  -2.630782E-04
  11.700  -1.028326E-02  -2.153912E-04
  11.800  -8.817229E-03  -1.763481E-04
  11.900  -7.560164E-03  -1.443821E-04
  12.000  -6.482289E-03  -1.182103E-04
  12.100  -5.558069E-03  -9.678266E-05
  12.200  -4.765604E-03  -7.923907E-05
  12.300  -4.086117E-03  -6.487556E-05
  12.400  -3.503504E-03  -5.311568E-05
  12.500  -3.003955E-03  -4.348748E-05
  12.600  -2.575631E-03  -3.560457E-05
  12.700  -2.208376E-03  -2.915057E-05
  12.800  -1.893485E-03  -2.386648E-05
  12.900  -1.623493E-03  -1.954023E-05
  13.000  -1.391997E-03  -1.599819E-05
  13.100  -1.193510E-03  -1.309822E-05
  13.200  -1.023324E-03  -1.072392E-05
  13.300  -8.774053E-04  -8.780002E-06
  13.400  -7.522931E-04  -7.188458E-06
  13.500  -6.450208E-04  -5.885413E-06
  13.600  -5.530446E-04  -4.818569E-06
  13.700  -4.741836E-04  -3.945111E-06
  13.800  -4.065675E-04  -3.229984E-06
  13.900  -3.485931E-04  -2.644487E-06
  14.000  -2.988855E-04  -2.165123E-06
  14.100  -2.562658E-04  -1.772653E-06
  14.200  -2.197235E-04  -1.451326E-06
  14.300  -1.883920E-04  -1.188245E-06
  14.400  -1.615281E-04  -9.728526E-07
  14.500  -1.384949E-04  -7.965044E-07
  14.600  -1.187461E-04  -6.521227E-07
  14.700  -1.018134E-04  -5.339129E-07
  14.800  -8.729528E-05  -4.371309E-07
  14.900  -7.484734E-05  -3.578925E-07
  15.000  -6.417442E-05  -2.930176E-07
  15.100  -5.502341E-05  -2.399025E-07
  15.200  -4.717730E-05  -1.964156E-07
  15.300  -4.045001E-05  -1.608115E-07
  15.400  -3.468200E-05  -1.316613E-07
  15.500  -2.973649E-05  -1.077952E-07
  15.600  -2.549618E-05  -8.825521E-08
  15.700  -2.186053E-05  -7.225726E-08
  15.800  -1.874330E-05  -5.915924E-08
  15.900  -1.607058E-05  -4.843548E-08
  16.000  -1.377898E-05  -3.965562E-08
  16.100  -1.181415E-05  -3.246728E-08
  16.200  -1.012950E-05  -2.658196E-08
  16.300  -8.685075E-06  -2.176347E-08
  16.400  -7.446617E-06  -1.781842E-08
  16.500  -6.384759E-06  -1.458849E-08
  16.600  -5.474317E-06  -1.194404E-08
  16.700  -4.693701E-06  -9.778956E-09
  16.800  -4.024398E-06  -8.006332E-09
  16.900  -3.450535E-06  -6.555030E-09
  17.000  -2.958502E-06  -5.366805E-09
  17.100  -2.536631E-06  -4.393968E-09
  17.200  -2.174917E-06  -3.597477E-09
  17.300  -1.864783E-06  -2.945365E-09
  17.400  -1.598872E-06  -2.411461E-09
  17.500  -1.370879E-06  -1.974337E-09
  17.600  -1.175397E-06  -1.616451E-09
  17.700  -1.007790E-06  -1.323438E-09
  17.800  -8.640832E-07  -1.083539E-09
  17.900  -7.408684E-07  -8.871269E-10
  18.000  -6.352234E-07  -7.263181E-10
  18.100  -5.446431E-07  -5.946589E-10
  18.200  -4.669791E-07  -4.868655E-10
  18.300  -4.003897E-07  -3.986118E-10
  18.400  -3.432957E-07  -3.263557E-10
  18.500  -2.943431E-07  -2.671975E-10
  18.600  -2.523709E-07  -2.187628E-10
  18.700  -2.163838E-07  -1.791078E-10
  18.800  -1.855283E-07  -1.466411E-10
  18.900  -1.590727E-07  -1.200596E-10
  19.000  -1.363896E-07  -9.829646E-11
  19.100  -1.169409E-07  -8.047833E-11
  19.200  -1.002656E-07  -6.589009E-11
  19.300  -8.596813E-08  -5.394624E-11
  19.400  -7.370942E-08  -4.416745E-11
  19.500  -6.319874E-08  -3.616125E-11
  19.600  -5.418685E-08  -2.960632E-11
  19.700  -4.646002E-08  -2.423961E-11
  19.800  -3.983500E-08  -1.984571E-11
  19.900  -3.415468E-08  -1.624830E-11
  20.000  -2.928436E-08  -1.330298E-11
  20.100  -2.510853E-08  -1.089156E-11
  20.200  -2.152815E-08  -8.917254E-12
  20.300  -1.845832E-08  -7.300830E-12
  20.400  -1.582623E-08  -5.977414E-12
  20.500  -1.356948E-08  -4.893893E-12
  20.600  -1.163452E-08  -4.006780E-12
  20.700  -9.975484E-09  -3.280474E-12
  20.800  -8.553019E-09  -2.685825E-12
  20.900  -7.333392E-09  -2.198968E-12
  21.000  -6.287679E-09  -1.800362E-12
  21.100  -5.391080E-09  -1.474012E-12
  21.200  -4.622334E-09  -1.206819E-12
  21.300  -3.963207E-09  -9.880599E-13
  21.400  -3.398069E-09  -8.089550E-13
  21.500  -2.913518E-09  -6.623163E-13
  21.600  -2.498062E-09  -5.422587E-13
  21.700  -2.141848E-09  -4.439639E-13
  21.800  -1.836429E-09  -3.634869E-13
  21.900  -1.574561E-09  -2.975979E-13
  22.000  -1.350035E-09  -2.436526E-13
  22.100  -1.157525E-09  -1.994859E-13
  22.200  -9.924666E-10  -1.633252E-13
  22.300  -8.509448E-10  -1.337194E-13
  22.400  -7.296034E-10  -1.094802E-13
  22.500  -6.255648E-10  -8.963477E-14
  22.600  -5.363617E-10  -7.338674E-14
  22.700  -4.598786E-10  -6.008398E-14
  22.800  -3.943017E-10  -4.919260E-14
  22.900  -3.380758E-10  -4.027550E-14
  23.000  -2.898675E-10  -3.297479E-14
  23.100  -2.485336E-10  -2.699747E-14
  23.200  -2.130937E-10  -2.210366E-14
  23.300  -1.827073E-10  -1.809695E-14
  23.400  -1.566540E-10  -1.481653E-14
  23.500  -1.343157E-10  -1.213075E-14
  23.600  -1.151628E-10  -9.931815E-15
  23.700  -9.874107E-11  -8.131482E-15
  23.800  -8.466098E-11  -6.657495E-15
  23.900  -7.258866E-11  -5.450696E-15
  24.000  -6.223780E-11  -4.462652E-15
  24.100  -5.336293E-11  -3.653711E-15
  24.200  -4.575358E-11  -2.991405E-15
  24.300  -3.922930E-11  -2.449156E-15
  24.400  -3.363536E-11  -2.005199E-15
  24.500  -2.883909E-11  -1.641718E-15
  24.600  -2.472675E-11  -1.344125E-15
  24.700  -2.120081E-11  -1.100477E-15
  24.800  -1.817766E-11  -9.009940E-16
  24.900  -1.558560E-11  -7.376715E-16
  25.000  -1.336315E-11  -6.039543E-16
  25.100  -1.145762E-11  -4.944760E-16
  25.200  -9.823806E-12  -4.048427E-16
  25.300  -8.422970E-12  -3.314572E-16
  25.400  -7.221887E-12  -2.713742E-16
  25.500  -6.192074E-12  -2.221824E-16
  25.600  -5.309109E-12  -1.819076E-16
  25.700  -4.552051E-12  -1.489333E-16
  25.800  -3.902946E-12  -1.219363E-16
  25.900  -3.346401E-12  -9.983298E-17
  26.000  -2.869217E-12  -8.173633E-17
  26.100  -2.460078E-12  -6.692005E-17
  26.200  -2.109281E-12  -5.478950E-17
  26.300  -1.808505E-12  -4.485785E-17
  26.400  -1.550620E-12  -3.672650E-17
  26.500  -1.329507E-12  -3.006911E-17
  26.600  -1.139925E-12  -2.461851E-17
  26.700  -9.773761E-13  -2.015593E-17
  26.800  -8.380060E-13  -1.650228E-17
  26.900  -7.185097E-13  -1.351092E-17
  27.000  -6.160530E-13  -1.106181E-17
  27.100  -5.282062E-13  -9.056643E-18
  27.200  -4.528861E-13  -7.414953E-18
  27.300  -3.883063E-13  -6.070850E-18
  27.400  -3.329354E-13  -4.970391E-18
  27.500  -2.854601E-13  -4.069412E-18
  27.600  -2.447546E-13  -3.331753E-18
  27.700  -2.098535E-13  -2.727809E-18
  27.800  -1.799292E-13  -2.233341E-18
  27.900  -1.542720E-13  -1.828505E-18
  28.000  -1.322735E-13  -1.497053E-18
  28.100  -1.134118E-13  -1.225683E-18
  28.200  -9.723970E-14  -1.003505E-18
  28.300  -8.337370E-14  -8.216001E-19
  28.400  -7.148494E-14  -6.726693E-19
  28.500  -6.129147E-14  -5.507350E-19
  28.600  -5.255154E-14  -4.509038E-19
  28.700  -4.505790E-14  -3.691687E-19
  28.800  -3.863282E-14  -3.022498E-19
  28.900  -3.312393E-14  -2.474612E-19
  29.000  -2.840059E-14  -2.026041E-19
  29.100  -2.435077E-14  -1.658782E-19
  29.200  -2.087845E-14  -1.358096E-19
  29.300  -1.790126E-14  -1.111915E-19
  29.400  -1.534861E-14  -9.103589E-20
  29.500  -1.315996E-14  -7.453388E-20
  29.600  -1.128340E-14  -6.102318E-20
  29.700  -9.674433E-15  -4.996156E-20
  29.800  -8.294897E-15  -4.090506E-20
  29.900  -7.112077E-15  -3.349023E-20
  30.000  -6.097923E-15  -2.741948E-20
  30.100  -5.228383E-15  -2.244917E-20
  30.200  -4.482836E-15  -1.837983E-20
  30.300  -3.843601E-15  -1.504813E-20
  30.400  -3.295519E-15  -1.232037E-20
  30.500  -2.825591E-15  -1.008706E-20
  30.600  -2.422672E-15  -8.258590E-21
  30.700  -2.077209E-15  -6.761561E-21
  30.800  -1.781007E-15  -5.535898E-21
  30.900  -1.527042E-15  -4.532410E-21
  31.000  -1.309292E-15  -3.710824E-21
  31.100  -1.122592E-15  -3.038165E-21
  31.200  -9.625149E-16  -2.487440E-21
  31.300  -8.252640E-16  -2.036543E-21
  31.400  -7.075846E-16  -1.667381E-21
  31.500  -6.066858E-16  -1.365136E-21
  31.600  -5.201748E-16  -1.117679E-21
  31.700  -4.459999E-16  -9.150778E-22
  31.800  -3.824021E-16  -7.492024E-22
  31.900  -3.278730E-16  -6.133950E-22
  32.000  -2.811196E-16  -5.022054E-22
  32.100  -2.410331E-16  -4.111710E-22
  32.200  -2.066627E-16  -3.366383E-22
  32.300  -1.771934E-16  -2.756162E-22
  32.400  -1.519263E-16  -2.256554E-22
  32.500  -1.302622E-16  -1.847510E-22
  32.600  -1.116873E-16  -1.512614E-22
  32.700  -9.576116E-17  -1.238423E-22
  32.800  -8.210599E-17  -1.013935E-22
  32.900  -7.039800E-17  -8.301399E-23
  33.000  -6.035952E-17  -6.796610E-23
  33.100  -5.175249E-17  -5.564594E-23
  33.200  -4.437279E-17  -4.555904E-23
  33.300  -3.804540E-17  -3.730059E-23
  33.400  -3.262027E-17  -3.053914E-23
  33.500  -2.796875E-17  -2.500333E-23
  33.600  -2.398052E-17  -2.047100E-23
  33.700  -2.056099E-17  -1.676024E-23
  33.800  -1.762907E-17  -1.372212E-23
  33.900  -1.511524E-17  -1.123472E-23
  34.000  -1.295986E-17  -9.198212E-24
  34.100  -1.111184E-17  -7.530859E-24
  34.200  -9.527332E-18  -6.165746E-24
  34.300  -8.168773E-18  -5.048086E-24
  34.400  -7.003938E-18  -4.133023E-24
  34.500  -6.005203E-18  -3.383833E-24
  34.600  -5.148885E-18  -2.770448E-24
  34.700  -4.414674E-18  -2.268251E-24
  34.800  -3.785159E-18  -1.857087E-24
  34.900  -3.245410E-18  -1.520454E-24
  35.000  -2.782627E-18  -1.244843E-24
  35.100  -2.385835E-18  -1.019191E-24
  35.200  -2.045625E-18  -8.344430E-25
  35.300  -1.753926E-18  -6.831841E-25
  35.400  -1.503823E-18  -5.593438E-25
  35.500  -1.289384E-18  -4.579520E-25
  35.600  -1.105523E-18  -3.749394E-25
  35.700  -9.478798E-19  -3.069744E-25
  35.800  -8.127158E-19  -2.513294E-25
  35.900  -6.968257E-19  -2.057711E-25
  36.000  -5.974611E-19  -1.684711E-25
  36.100  -5.122655E-19  -1.379325E-25
  36.200  -4.392184E-19  -1.129296E-25
  36.300  -3.765876E-19  -9.245892E-26
  36.400  -3.228877E-19  -7.569896E-26
  36.500  -2.768452E-19  -6.197707E-26
  36.600  -2.373681E-19  -5.074253E-26
  36.700  -2.035204E-19  -4.154447E-26
  36.800  -1.744992E-19  -3.401373E-26
  36.900  -1.496163E-19  -2.784809E-26
  37.000  -1.282816E-19  -2.280009E-26
  37.100  -1.099891E-19  -1.866713E-26
  37.200  -9.430510E-20  -1.528336E-26
  37.300  -8.085756E-20  -1.251295E-26
  37.400  -6.932759E-20  -1.024474E-26
  37.500  -5.944175E-20  -8.387684E-27
  37.600  -5.096559E-20  -6.867255E-27
  37.700  -4.369809E-20  -5.622432E-27
  37.800  -3.746692E-20  -4.603258E-27
  37.900  -3.212428E-20  -3.768829E-27
  38.000  -2.754348E-20  -3.085656E-27
  38.100  -2.361589E-20  -2.526322E-27
  38.200  -2.024836E-20  -2.068377E-27
  38.300  -1.736102E-20  -1.693444E-27
  38.400  -1.488541E-20  -1.386475E-27
  38.500  -1.276281E-20  -1.135150E-27
  38.600  -1.094288E-20  -9.293819E-28
  38.700  -9.382468E-21  -7.609135E-28
  38.800  -8.044565E-21  -6.229833E-28
  38.900  -6.897441E-21  -5.100556E-28
  39.000  -5.913893E-21  -4.175982E-28
  39.100  -5.070595E-21  -3.419005E-28
  39.200  -4.347548E-21  -2.799244E-28
  39.300  -3.727605E-21  -2.291828E-28
  39.400  -3.196063E-21  -1.876390E-28
  39.500  -2.740317E-21  -1.536258E-28
  39.600  -2.349558E-21  -1.257782E-28
  39.700  -2.014521E-21  -1.029784E-28
  39.800  -1.727258E-21  -8.431162E-29
  39.900  -1.480958E-21  -6.902851E-29
  40.000  -1.269779E-21  -5.651577E-29
  40.100  -1.088713E-21  -4.627120E-29
  40.200  -9.334672E-22  -3.788365E-29
  40.300  -8.003584E-22  -3.101651E-29
  40.400  -6.862304E-22  -2.539417E-29
  40.500  -5.883766E-22  -2.079099E-29
  40.600  -5.044764E-22  -1.702222E-29
  40.700  -4.325401E-22  -1.393662E-29
  40.800  -3.708616E-22  -1.141034E-29
  40.900  -3.179781E-22  -9.341994E-30
  41.000  -2.726357E-22  -7.648577E-30
  41.100  -2.337589E-22  -6.262125E-30
  41.200  -2.004258E-22  -5.126995E-30
  41.300  -1.718459E-22  -4.197628E-30
  41.400  -1.473413E-22  -3.436728E-30
  41.500  -1.263310E-22  -2.813754E-30
  41.600  -1.083167E-22  -2.303707E-30
  41.700  -9.287118E-23  -1.886116E-30
  41.800  -7.962811E-23  -1.544221E-30
  41.900  -6.827346E-23  -1.264301E-30
  42.000  -5.853793E-23  -1.035122E-30
  42.100  -5.019065E-23  -8.474866E-31
  42.200  -4.303366E-23  -6.938633E-31
  42.300  -3.689723E-23  -5.680872E-31
  42.400  -3.163583E-23  -4.651105E-31
  42.500  -2.712468E-23  -3.808002E-31
  42.600  -2.325681E-23  -3.117729E-31
  42.700  -1.994048E-23  -2.552580E-31
  42.800  -1.709704E-23  -2.089876E-31
  42.900  -1.465907E-23  -1.711046E-31
  43.000  -1.256875E-23  -1.400886E-31
  43.100  -1.077649E-23  -1.146948E-31
  43.200  -9.239807E-24  -9.390418E-32
  43.300  -7.922247E-24  -7.688224E-32
  43.400  -6.792565E-24  -6.294586E-32
  43.500  -5.823972E-24  -5.153571E-32
  43.600  -4.993496E-24  -4.219387E-32
  43.700  -4.281443E-24  -3.454542E-32
  43.800  -3.670926E-24  -2.828340E-32
  43.900  -3.147467E-24  -2.678637E-32
  44.000  -2.698650E-24  -2.678637E-32
  44.100  -2.313833E-24  -2.678637E-32
  44.200  -1.983890E-24  -2.678637E-32
  44.300  -1.700995E-24  -2.678637E-32
  44.400  -1.458440E-24  -2.678637E-32
  44.500  -1.250472E-24  -2.678637E-32
  44.600  -1.072159E-24  -2.678637E-32
  44.700  -9.192737E-25  -2.678637E-32
  44.800  -7.881888E-25  -2.678637E-32
  44.900  -6.757962E-25  -2.678637E-32
  45.000  -5.794303E-25  -2.678637E-32
  45.100  -4.968058E-25  -2.678637E-32
  45.200  -4.259632E-25  -2.678637E-32
  45.300  -3.652226E-25  -2.678637E-32
  45.400  -3.131432E-25  -2.678637E-32
  45.500  -2.684902E-25  -2.678637E-32
  45.600  -2.302046E-25  -2.678637E-32
  45.700  -1.973783E-25  -2.678637E-32
  45.800  -1.692329E-25  -2.678637E-32
  45.900  -1.451010E-25  -2.678637E-32
  46.000  -1.244102E-25  -2.678637E-32
  46.100  -1.066697E-25  -2.678637E-32
  46.200  -9.145906E-26  -2.678637E-32
  46.300  -7.841736E-26  -2.678637E-32
  46.400  -6.723535E-26  -2.678637E-32
  46.500  -5.764785E-26  -2.678637E-32
  46.600  -4.942749E-26  -2.678637E-32
  46.700  -4.237933E-26  -2.678637E-32
  46.800  -3.633620E-26  -2.678637E-32
  46.900  -3.115480E-26  -2.678637E-32
  47.000  -2.671225E-26  -2.678637E-32
  47.100  -2.290319E-26  -2.678637E-32
  47.200  -1.963728E-26  -2.678637E-32
  47.300  -1.683708E-26  -2.678637E-32
  47.400  -1.443618E-26  -2.678637E-32
  47.500  -1.237764E-26  -2.678637E-32
  47.600  -1.061263E-26  -2.678637E-32
  47.700  -9.099315E-27  -2.678637E-32
  47.800  -7.801788E-27  -2.678637E-32
  47.900  -6.689283E-27  -2.678637E-32
  48.000  -5.735418E-27  -2.678637E-32
  48.100  -4.917570E-27  -2.678637E-32
  48.200  -4.216344E-27  -2.678637E-32
  48.300  -3.615110E-27  -2.678637E-32
  48.400  -3.099609E-27  -2.678637E-32
  48.500  -2.657617E-27  -2.678637E-32
  48.600  -2.278651E-27  -2.678637E-32
  48.700  -1.953724E-27  -2.678637E-32
  48.800  -1.675131E-27  -2.678637E-32
  48.900  -1.436264E-27  -2.678637E-32
  49.000  -1.231458E-27  -2.678637E-32
  49.100  -1.055857E-27  -2.678637E-32
  49.200  -9.052960E-28  -2.678637E-32
  49.300  -7.762043E-28  -2.678637E-32
  49.400  -6.655206E-28  -2.678637E-32
  49.500  -5.706200E-28  -2.678637E-32
  49.600  -4.892518E-28  -2.678637E-32
  49.700  -4.194864E-28  -2.678637E-32
  49.800  -3.596693E-28  -2.678637E-32
  49.900  -3.083819E-28  -2.678637E-32
  50.000  -2.644078E-28  -2.678637E-32
  50.100  -2.267043E-28  -2.678637E-32
  50.200  -1.943772E-28  -2.678637E-32
  50.300  -1.666597E-28  -2.678637E-32
  50.400  -1.428947E-28  -2.678637E-32
  50.500  -1.225185E-28  -2.678637E-32
  50.600  -1.050478E-28  -2.678637E-32
  50.700  -9.006842E-29  -2.678637E-32
  50.800  -7.722501E-29  -2.678637E-32
  50.900  -6.621303E-29  -2.678637E-32
  51.000  -5.677131E-29  -2.678637E-32
  51.100  -4.867594E-29  -2.678637E-32
  51.200  -4.173494E-29  -2.678637E-32
  51.300  -3.578371E-29  -2.678637E-32
  51.400  -3.068109E-29  -2.678637E-32
  51.500  -2.630608E-29  -2.678637E-32
  51.600  -2.255494E-29  -2.678637E-32
  51.700  -1.933869E-29  -2.678637E-32
  51.800  -1.658107E-29  -2.678637E-32
  51.900  -1.421668E-29  -2.678637E-32
  52.000  -1.218943E-29  -2.678637E-32
  52.100  -1.045127E-29  -2.678637E-32
  52.200  -8.960959E-30  -2.678637E-32
  52.300  -7.683160E-30  -2.678637E-32
  52.400  -6.587572E-30  -2.678637E-32
  52.500  -5.648210E-30  -2.678637E-32
  52.600  -4.842797E-30  -2.678637E-32
  52.700  -4.152233E-30  -2.678637E-32
  52.800  -3.560141E-30  -2.678637E-32
  52.900  -3.052479E-30  -2.678637E-32
  53.000  -2.617208E-30  -2.678637E-32
  53.100  -2.244004E-30  -2.678637E-32
  53.200  -1.924018E-30  -2.678637E-32
  53.300  -1.649660E-30  -2.678637E-32
  53.400  -1.414425E-30  -2.678637E-32
  53.500  -1.212734E-30  -2.678637E-32
  53.600  -1.039803E-30  -2.678637E-32
  53.700  -8.915308E-31  -2.678637E-32
  53.800  -7.644021E-31  -2.678637E-32
  53.900  -6.554013E-31  -2.678637E-32
  54.000  -5.619437E-31  -2.678637E-32
  54.100  -4.818127E-31  -2.678637E-32
  54.200  -4.131081E-31  -2.678637E-32
  54.300  -3.542005E-31  -2.678637E-32
  54.400  -3.036929E-31  -2.678637E-32
  54.500  -2.603875E-31  -2.678637E-32
  54.600  -2.232572E-31  -2.678637E-32
  54.700  -1.914216E-31  -2.678637E-32
  54.800  -1.641256E-31  -2.678637E-32
  54.900  -1.407220E-31  -2.678637E-32
  55.000  -1.206556E-31  -2.678637E-32
  55.100  -1.071455E-31  -2.678637E-32
  55.200  -1.071455E-31  -2.678637E-32
  55.300  -1.071455E-31  -2.678637E-32
  55.400  -1.071455E-31  -2.678637E-32
  55.500  -1.071455E-31  -2.678637E-32
  55.600  -1.071455E-31  -2.678637E-32
  55.700  -1.071455E-31  -2.678637E-32
  55.800  -1.071455E-31  -2.678637E-32
  55.900  -1.071455E-31  -2.678637E-32
  56.000  -1.071455E-31  -2.678637E-32
  56.100  -1.071455E-31  -2.678637E-32
  56.200  -1.071455E-31  -2.678637E-32
  56.300  -1.071455E-31  -2.678637E-32
  56.400  -1.071455E-31  -2.678637E-32
  56.500  -1.071455E-31  -2.678637E-32
  56.600  -1.071455E-31  -2.678637E-32
  56.700  -1.071455E-31  -2.678637E-32
  56.800  -1.071455E-31  -2.678637E-32
  56.900  -1.071455E-31  -2.678637E-32
  57.000  -1.071455E-31  -2.678637E-32
  57.100  -1.071455E-31  -2.678637E-32
  57.200  -1.071455E-31  -2.678637E-32
  57.300  -1.071455E-31  -2.678637E-32
  57.400  -1.071455E-31  -2.678637E-32
  57.500  -1.071455E-31  -2.678637E-32
  57.600  -1.071455E-31  -2.678637E-32
  57.700  -1.071455E-31  -2.678637E-32
  57.800  -1.071455E-31  -2.678637E-32
  57.900  -1.071455E-31  -2.678637E-32
  58.000  -1.071455E-31  -2.678637E-32
  58.100  -1.071455E-31  -2.678637E-32
  58.200  -1.071455E-31  -2.678637E-32
  58.300  -1.071455E-31  -2.678637E-32
  58.400  -1.071455E-31  -2.678637E-32
  58.500  -1.071455E-31  -2.678637E-32
  58.600  -1.071455E-31  -2.678637E-32
  58.700  -1.071455E-31  -2.678637E-32
  58.800  -1.071455E-31  -2.678637E-32
  58.900  -1.071455E-31  -2.678637E-32
  59.000  -1.071455E-31  -2.678637E-32
  59.100  -1.071455E-31  -2.678637E-32
  59.200  -1.071455E-31  -2.678637E-32
  59.300  -1.071455E-31  -2.678637E-32
  59.400   0.000000E+00   0.000000E+00
  59.500   0.000000E+00   0.000000E+00
  59.600   0.000000E+00   0.000000E+00
  59.700   0.000000E+00   0.000000E+00
  59.800   0.000000E+00   0.000000E+00
  59.900   0.000000E+00   0.000000E+00
  60.000   0.000000E+00   0.000000E+00
  60.100   0.000000E+00   0.000000E+00
 &
# Potential at   3: KP=  1 of type  2 and multipole =  0
   0.000   0.000000E+00   0.000000E+00
   0.100   0.000000E+00   0.000000E+00
   0.200   0.000000E+00   0.000000E+00
   0.300   0.000000E+00   0.000000E+00
   0.400   0.000000E+00   0.000000E+00
   0.500   0.000000E+00   0.000000E+00
   0.600   0.000000E+00   0.000000E+00
   0.700   0.000000E+00   0.000000E+00
   0.800   0.000000E+00   0.000000E+00
   0.900   0.000000E+00   0.000000E+00
   1.000   0.000000E+00   0.000000E+00
   1.100   0.000000E+00   0.000000E+00
   1.200   0.000000E+00   0.000000E+00
   1.300   0.000000E+00   0.000000E+00
   1.400   0.000000E+00   0.000000E+00
   1.500   0.000000E+00   0.000000E+00
   1.600   0.000000E+00   0.000000E+00
   1.700   0.000000E+00   0.000000E+00
   1.800   0.000000E+00   0.000000E+00
   1.900   0.000000E+00   0.000000E+00
   2.000   0.000000E+00   0.000000E+00
   2.100   0.000000E+00   0.000000E+00
   2.200   0.000000E+00   0.000000E+00
   2.300   0.000000E+00   0.000000E+00
   2.400   0.000000E+00   0.000000E+00
   2.500   0.000000E+00   0.000000E+00
   2.600   0.000000E+00   0.000000E+00
   2.700   0.000000E+00   0.000000E+00
   2.800   0.000000E+00   0.000000E+00
   2.900   0.000000E+00   0.000000E+00
   3.000   0.000000E+00   0.000000E+00
   3.100   0.000000E+00   0.000000E+00
   3.200   0.000000E+00   0.000000E+00
   3.300   0.000000E+00   0.000000E+00
   3.400   0.000000E+00   0.000000E+00
   3.500   0.000000E+00   0.000000E+00
   3.600   0.000000E+00   0.000000E+00
   3.700   0.000000E+00   0.000000E+00
   3.800   0.000000E+00   0.000000E+00
   3.900   0.000000E+00   0.000000E+00
   4.000   0.000000E+00   0.000000E+00
   4.100   0.000000E+00   0.000000E+00
   4.200   0.000000E+00   0.000000E+00
   4.300   0.000000E+00   0.000000E+00
   4.400   0.000000E+00   0.000000E+00
   4.500   0.000000E+00   0.000000E+00
   4.600   0.000000E+00   0.000000E+00
   4.700   0.000000E+00   0.000000E+00
   4.800   0.000000E+00   0.000000E+00
   4.900   0.000000E+00   0.000000E+00
   5.000   0.000000E+00   0.000000E+00
   5.100   0.000000E+00   0.000000E+00
   5.200   0.000000E+00   0.000000E+00
   5.300   0.000000E+00   0.000000E+00
   5.400   0.000000E+00   0.000000E+00
   5.500   0.000000E+00   0.000000E+00
   5.600   0.000000E+00   0.000000E+00
   5.700   0.000000E+00   0.000000E+00
   5.800   0.000000E+00   0.000000E+00
   5.900   0.000000E+00   0.000000E+00
   6.000   0.000000E+00   0.000000E+00
   6.100   0.000000E+00   0.000000E+00
   6.200   0.000000E+00   0.000000E+00
   6.300   0.000000E+00   0.000000E+00
   6.400   0.000000E+00   0.000000E+00
   6.500   0.000000E+00   0.000000E+00
   6.600   0.000000E+00   0.000000E+00
   6.700   0.000000E+00   0.000000E+00
   6.800   0.000000E+00   0.000000E+00
   6.900   0.000000E+00   0.000000E+00
   7.000   0.000000E+00   0.000000E+00
   7.100   0.000000E+00   0.000000E+00
   7.200   0.000000E+00   0.000000E+00
   7.300   0.000000E+00   0.000000E+00
   7.400   0.000000E+00   0.000000E+00
   7.500   0.000000E+00   0.000000E+00
   7.600   0.000000E+00   0.000000E+00
   7.700   0.000000E+00   0.000000E+00
   7.800   0.000000E+00   0.000000E+00
   7.900   0.000000E+00   0.000000E+00
   8.000   0.000000E+00   0.000000E+00
   8.100   0.000000E+00   0.000000E+00
   8.200   0.000000E+00   0.000000E+00
   8.300   0.000000E+00   0.000000E+00
   8.400   0.000000E+00   0.000000E+00
   8.500   0.000000E+00   0.000000E+00
   8.600   0.000000E+00   0.000000E+00
   8.700   0.000000E+00   0.000000E+00
   8.800   0.000000E+00   0.000000E+00
   8.900   0.000000E+00   0.000000E+00
   9.000   0.000000E+00   0.000000E+00
   9.100   0.000000E+00   0.000000E+00
   9.200   0.000000E+00   0.000000E+00
   9.300   0.000000E+00   0.000000E+00
   9.400   0.000000E+00   0.000000E+00
   9.500   0.000000E+00   0.000000E+00
   9.600   0.000000E+00   0.000000E+00
   9.700   0.000000E+00   0.000000E+00
   9.800   0.000000E+00   0.000000E+00
   9.900   0.000000E+00   0.000000E+00
  10.000   0.000000E+00   0.000000E+00
  10.100   0.000000E+00   0.000000E+00
  10.200   0.000000E+00   0.000000E+00
  10.300   0.000000E+00   0.000000E+00
  10.400   0.000000E+00   0.000000E+00
  10.500   0.000000E+00   0.000000E+00
  10.600   0.000000E+00   0.000000E+00
  10.700   0.000000E+00   0.000000E+00
  10.800   0.000000E+00   0.000000E+00
  10.900   0.000000E+00   0.000000E+00
  11.000   0.000000E+00   0.000000E+00
  11.100   0.000000E+00   0.000000E+00
  11.200   0.000000E+00   0.000000E+00
  11.300   0.000000E+00   0.000000E+00
  11.400   0.000000E+00   0.000000E+00
  11.500   0.000000E+00   0.000000E+00
  11.600   0.000000E+00   0.000000E+00
  11.700   0.000000E+00   0.000000E+00
  11.800   0.000000E+00   0.000000E+00
  11.900   0.000000E+00   0.000000E+00
  12.000   0.000000E+00   0.000000E+00
  12.100   0.000000E+00   0.000000E+00
  12.200   0.000000E+00   0.000000E+00
  12.300   0.000000E+00   0.000000E+00
  12.400   0.000000E+00   0.000000E+00
  12.500   0.000000E+00   0.000000E+00
  12.600   0.000000E+00   0.000000E+00
  12.700   0.000000E+00   0.000000E+00
  12.800   0.000000E+00   0.000000E+00
  12.900   0.000000E+00   0.000000E+00
  13.000   0.000000E+00   0.000000E+00
  13.100   0.000000E+00   0.000000E+00
  13.200   0.000000E+00   0.000000E+00
  13.300   0.000000E+00   0.000000E+00
  13.400   0.000000E+00   0.000000E+00
  13.500   0.000000E+00   0.000000E+00
  13.600   0.000000E+00   0.000000E+00
  13.700   0.000000E+00   0.000000E+00
  13.800   0.000000E+00   0.000000E+00
  13.900   0.000000E+00   0.000000E+00
  14.000   0.000000E+00   0.000000E+00
  14.100   0.000000E+00   0.000000E+00
  14.200   0.000000E+00   0.000000E+00
  14.300   0.000000E+00   0.000000E+00
  14.400   0.000000E+00   0.000000E+00
  14.500   0.000000E+00   0.000000E+00
  14.600   0.000000E+00   0.000000E+00
  14.700   0.000000E+00   0.000000E+00
  14.800   0.000000E+00   0.000000E+00
  14.900   0.000000E+00   0.000000E+00
  15.000   0.000000E+00   0.000000E+00
  15.100   0.000000E+00   0.000000E+00
  15.200   0.000000E+00   0.000000E+00
  15.300   0.000000E+00   0.000000E+00
  15.400   0.000000E+00   0.000000E+00
  15.500   0.000000E+00   0.000000E+00
  15.600   0.000000E+00   0.000000E+00
  15.700   0.000000E+00   0.000000E+00
  15.800   0.000000E+00   0.000000E+00
  15.900   0.000000E+00   0.000000E+00
  16.000   0.000000E+00   0.000000E+00
  16.100   0.000000E+00   0.000000E+00
  16.200   0.000000E+00   0.000000E+00
  16.300   0.000000E+00   0.000000E+00
  16.400   0.000000E+00   0.000000E+00
  16.500   0.000000E+00   0.000000E+00
  16.600   0.000000E+00   0.000000E+00
  16.700   0.000000E+00   0.000000E+00
  16.800   0.000000E+00   0.000000E+00
  16.900   0.000000E+00   0.000000E+00
  17.000   0.000000E+00   0.000000E+00
  17.100   0.000000E+00   0.000000E+00
  17.200   0.000000E+00   0.000000E+00
  17.300   0.000000E+00   0.000000E+00
  17.400   0.000000E+00   0.000000E+00
  17.500   0.000000E+00   0.000000E+00
  17.600   0.000000E+00   0.000000E+00
  17.700   0.000000E+00   0.000000E+00
  17.800   0.000000E+00   0.000000E+00
  17.900   0.000000E+00   0.000000E+00
  18.000   0.000000E+00   0.000000E+00
  18.100   0.000000E+00   0.000000E+00
  18.200   0.000000E+00   0.000000E+00
  18.300   0.000000E+00   0.000000E+00
  18.400   0.000000E+00   0.000000E+00
  18.500   0.000000E+00   0.000000E+00
  18.600   0.000000E+00   0.000000E+00
  18.700   0.000000E+00   0.000000E+00
  18.800   0.000000E+00   0.000000E+00
  18.900   0.000000E+00   0.000000E+00
  19.000   0.000000E+00   0.000000E+00
  19.100   0.000000E+00   0.000000E+00
  19.200   0.000000E+00   0.000000E+00
  19.300   0.000000E+00   0.000000E+00
  19.400   0.000000E+00   0.000000E+00
  19.500   0.000000E+00   0.000000E+00
  19.600   0.000000E+00   0.000000E+00
  19.700   0.000000E+00   0.000000E+00
  19.800   0.000000E+00   0.000000E+00
  19.900   0.000000E+00   0.000000E+00
  20.000   0.000000E+00   0.000000E+00
  20.100   0.000000E+00   0.000000E+00
  20.200   0.000000E+00   0.000000E+00
  20.300   0.000000E+00   0.000000E+00
  20.400   0.000000E+00   0.000000E+00
  20.500   0.000000E+00   0.000000E+00
  20.600   0.000000E+00   0.000000E+00
  20.700   0.000000E+00   0.000000E+00
  20.800   0.000000E+00   0.000000E+00
  20.900   0.000000E+00   0.000000E+00
  21.000   0.000000E+00   0.000000E+00
  21.100   0.000000E+00   0.000000E+00
  21.200   0.000000E+00   0.000000E+00
  21.300   0.000000E+00   0.000000E+00
  21.400   0.000000E+00   0.000000E+00
  21.500   0.000000E+00   0.000000E+00
  21.600   0.000000E+00   0.000000E+00
  21.700   0.000000E+00   0.000000E+00
  21.800   0.000000E+00   0.000000E+00
  21.900   0.000000E+00   0.000000E+00
  22.000   0.000000E+00   0.000000E+00
  22.100   0.000000E+00   0.000000E+00
  22.200   0.000000E+00   0.000000E+00
  22.300   0.000000E+00   0.000000E+00
  22.400   0.000000E+00   0.000000E+00
  22.500   0.000000E+00   0.000000E+00
  22.600   0.000000E+00   0.000000E+00
  22.700   0.000000E+00   0.000000E+00
  22.800   0.000000E+00   0.000000E+00
  22.900   0.000000E+00   0.000000E+00
  23.000   0.000000E+00   0.000000E+00
  23.100   0.000000E+00   0.000000E+00
  23.200   0.000000E+00   0.000000E+00
  23.300   0.000000E+00   0.000000E+00
  23.400   0.000000E+00   0.000000E+00
  23.500   0.000000E+00   0.000000E+00
  23.600   0.000000E+00   0.000000E+00
  23.700   0.000000E+00   0.000000E+00
  23.800   0.000000E+00   0.000000E+00
  23.900   0.000000E+00   0.000000E+00
  24.000   0.000000E+00   0.000000E+00
  24.100   0.000000E+00   0.000000E+00
  24.200   0.000000E+00   0.000000E+00
  24.300   0.000000E+00   0.000000E+00
  24.400   0.000000E+00   0.000000E+00
  24.500   0.000000E+00   0.000000E+00
  24.600   0.000000E+00   0.000000E+00
  24.700   0.000000E+00   0.000000E+00
  24.800   0.000000E+00   0.000000E+00
  24.900   0.000000E+00   0.000000E+00
  25.000   0.000000E+00   0.000000E+00
  25.100   0.000000E+00   0.000000E+00
  25.200   0.000000E+00   0.000000E+00
  25.300   0.000000E+00   0.000000E+00
  25.400   0.000000E+00   0.000000E+00
  25.500   0.000000E+00   0.000000E+00
  25.600   0.000000E+00   0.000000E+00
  25.700   0.000000E+00   0.000000E+00
  25.800   0.000000E+00   0.000000E+00
  25.900   0.000000E+00   0.000000E+00
  26.000   0.000000E+00   0.000000E+00
  26.100   0.000000E+00   0.000000E+00
  26.200   0.000000E+00   0.000000E+00
  26.300   0.000000E+00   0.000000E+00
  26.400   0.000000E+00   0.000000E+00
  26.500   0.000000E+00   0.000000E+00
  26.600   0.000000E+00   0.000000E+00
  26.700   0.000000E+00   0.000000E+00
  26.800   0.000000E+00   0.000000E+00
  26.900   0.000000E+00   0.000000E+00
  27.000   0.000000E+00   0.000000E+00
  27.100   0.000000E+00   0.000000E+00
  27.200   0.000000E+00   0.000000E+00
  27.300   0.000000E+00   0.000000E+00
  27.400   0.000000E+00   0.000000E+00
  27.500   0.000000E+00   0.000000E+00
  27.600   0.000000E+00   0.000000E+00
  27.700   0.000000E+00   0.000000E+00
  27.800   0.000000E+00   0.000000E+00
  27.900   0.000000E+00   0.000000E+00
  28.000   0.000000E+00   0.000000E+00
  28.100   0.000000E+00   0.000000E+00
  28.200   0.000000E+00   0.000000E+00
  28.300   0.000000E+00   0.000000E+00
  28.400   0.000000E+00   0.000000E+00
  28.500   0.000000E+00   0.000000E+00
  28.600   0.000000E+00   0.000000E+00
  28.700   0.000000E+00   0.000000E+00
  28.800   0.000000E+00   0.000000E+00
  28.900   0.000000E+00   0.000000E+00
  29.000   0.000000E+00   0.000000E+00
  29.100   0.000000E+00   0.000000E+00
  29.200   0.000000E+00   0.000000E+00
  29.300   0.000000E+00   0.000000E+00
  29.400   0.000000E+00   0.000000E+00
  29.500   0.000000E+00   0.000000E+00
  29.600   0.000000E+00   0.000000E+00
  29.700   0.000000E+00   0.000000E+00
  29.800   0.000000E+00   0.000000E+00
  29.900   0.000000E+00   0.000000E+00
  30.000   0.000000E+00   0.000000E+00
  30.100   0.000000E+00   0.000000E+00
  30.200   0.000000E+00   0.000000E+00
  30.300   0.000000E+00   0.000000E+00
  30.400   0.000000E+00   0.000000E+00
  30.500   0.000000E+00   0.000000E+00
  30.600   0.000000E+00   0.000000E+00
  30.700   0.000000E+00   0.000000E+00
  30.800   0.000000E+00   0.000000E+00
  30.900   0.000000E+00   0.000000E+00
  31.000   0.000000E+00   0.000000E+00
  31.100   0.000000E+00   0.000000E+00
  31.200   0.000000E+00   0.000000E+00
  31.300   0.000000E+00   0.000000E+00
  31.400   0.000000E+00   0.000000E+00
  31.500   0.000000E+00   0.000000E+00
  31.600   0.000000E+00   0.000000E+00
  31.700   0.000000E+00   0.000000E+00
  31.800   0.000000E+00   0.000000E+00
  31.900   0.000000E+00   0.000000E+00
  32.000   0.000000E+00   0.000000E+00
  32.100   0.000000E+00   0.000000E+00
  32.200   0.000000E+00   0.000000E+00
  32.300   0.000000E+00   0.000000E+00
  32.400   0.000000E+00   0.000000E+00
  32.500   0.000000E+00   0.000000E+00
  32.600   0.000000E+00   0.000000E+00
  32.700   0.000000E+00   0.000000E+00
  32.800   0.000000E+00   0.000000E+00
  32.900   0.000000E+00   0.000000E+00
  33.000   0.000000E+00   0.000000E+00
  33.100   0.000000E+00   0.000000E+00
  33.200   0.000000E+00   0.000000E+00
  33.300   0.000000E+00   0.000000E+00
  33.400   0.000000E+00   0.000000E+00
  33.500   0.000000E+00   0.000000E+00
  33.600   0.000000E+00   0.000000E+00
  33.700   0.000000E+00   0.000000E+00
  33.800   0.000000E+00   0.000000E+00
  33.900   0.000000E+00   0.000000E+00
  34.000   0.000000E+00   0.000000E+00
  34.100   0.000000E+00   0.000000E+00
  34.200   0.000000E+00   0.000000E+00
  34.300   0.000000E+00   0.000000E+00
  34.400   0.000000E+00   0.000000E+00
  34.500   0.000000E+00   0.000000E+00
  34.600   0.000000E+00   0.000000E+00
  34.700   0.000000E+00   0.000000E+00
  34.800   0.000000E+00   0.000000E+00
  34.900   0.000000E+00   0.000000E+00
  35.000   0.000000E+00   0.000000E+00
  35.100   0.000000E+00   0.000000E+00
  35.200   0.000000E+00   0.000000E+00
  35.300   0.000000E+00   0.000000E+00
  35.400   0.000000E+00   0.000000E+00
  35.500   0.000000E+00   0.000000E+00
  35.600   0.000000E+00   0.000000E+00
  35.700   0.000000E+00   0.000000E+00
  35.800   0.000000E+00   0.000000E+00
  35.900   0.000000E+00   0.000000E+00
  36.000   0.000000E+00   0.000000E+00
  36.100   0.000000E+00   0.000000E+00
  36.200   0.000000E+00   0.000000E+00
  36.300   0.000000E+00   0.000000E+00
  36.400   0.000000E+00   0.000000E+00
  36.500   0.000000E+00   0.000000E+00
  36.600   0.000000E+00   0.000000E+00
  36.700   0.000000E+00   0.000000E+00
  36.800   0.000000E+00   0.000000E+00
  36.900   0.000000E+00   0.000000E+00
  37.000   0.000000E+00   0.000000E+00
  37.100   0.000000E+00   0.000000E+00
  37.200   0.000000E+00   0.000000E+00
  37.300   0.000000E+00   0.000000E+00
  37.400   0.000000E+00   0.000000E+00
  37.500   0.000000E+00   0.000000E+00
  37.600   0.000000E+00   0.000000E+00
  37.700   0.000000E+00   0.000000E+00
  37.800   0.000000E+00   0.000000E+00
  37.900   0.000000E+00   0.000000E+00
  38.000   0.000000E+00   0.000000E+00
  38.100   0.000000E+00   0.000000E+00
  38.200   0.000000E+00   0.000000E+00
  38.300   0.000000E+00   0.000000E+00
  38.400   0.000000E+00   0.000000E+00
  38.500   0.000000E+00   0.000000E+00
  38.600   0.000000E+00   0.000000E+00
  38.700   0.000000E+00   0.000000E+00
  38.800   0.000000E+00   0.000000E+00
  38.900   0.000000E+00   0.000000E+00
  39.000   0.000000E+00   0.000000E+00
  39.100   0.000000E+00   0.000000E+00
  39.200   0.000000E+00   0.000000E+00
  39.300   0.000000E+00   0.000000E+00
  39.400   0.000000E+00   0.000000E+00
  39.500   0.000000E+00   0.000000E+00
  39.600   0.000000E+00   0.000000E+00
  39.700   0.000000E+00   0.000000E+00
  39.800   0.000000E+00   0.000000E+00
  39.900   0.000000E+00   0.000000E+00
  40.000   0.000000E+00   0.000000E+00
  40.100   0.000000E+00   0.000000E+00
  40.200   0.000000E+00   0.000000E+00
  40.300   0.000000E+00   0.000000E+00
  40.400   0.000000E+00   0.000000E+00
  40.500   0.000000E+00   0.000000E+00
  40.600   0.000000E+00   0.000000E+00
  40.700   0.000000E+00   0.000000E+00
  40.800   0.000000E+00   0.000000E+00
  40.900   0.000000E+00   0.000000E+00
  41.000   0.000000E+00   0.000000E+00
  41.100   0.000000E+00   0.000000E+00
  41.200   0.000000E+00   0.000000E+00
  41.300   0.000000E+00   0.000000E+00
  41.400   0.000000E+00   0.000000E+00
  41.500   0.000000E+00   0.000000E+00
  41.600   0.000000E+00   0.000000E+00
  41.700   0.000000E+00   0.000000E+00
  41.800   0.000000E+00   0.000000E+00
  41.900   0.000000E+00   0.000000E+00
  42.000   0.000000E+00   0.000000E+00
  42.100   0.000000E+00   0.000000E+00
  42.200   0.000000E+00   0.000000E+00
  42.300   0.000000E+00   0.000000E+00
  42.400   0.000000E+00   0.000000E+00
  42.500   0.000000E+00   0.000000E+00
  42.600   0.000000E+00   0.000000E+00
  42.700   0.000000E+00   0.000000E+00
  42.800   0.000000E+00   0.000000E+00
  42.900   0.000000E+00   0.000000E+00
  43.000   0.000000E+00   0.000000E+00
  43.100   0.000000E+00   0.000000E+00
  43.200   0.000000E+00   0.000000E+00
  43.300   0.000000E+00   0.000000E+00
  43.400   0.000000E+00   0.000000E+00
  43.500   0.000000E+00   0.000000E+00
  43.600   0.000000E+00   0.000000E+00
  43.700   0.000000E+00   0.000000E+00
  43.800   0.000000E+00   0.000000E+00
  43.900   0.000000E+00   0.000000E+00
  44.000   0.000000E+00   0.000000E+00
  44.100   0.000000E+00   0.000000E+00
  44.200   0.000000E+00   0.000000E+00
  44.300   0.000000E+00   0.000000E+00
  44.400   0.000000E+00   0.000000E+00
  44.500   0.000000E+00   0.000000E+00
  44.600   0.000000E+00   0.000000E+00
  44.700   0.000000E+00   0.000000E+00
  44.800   0.000000E+00   0.000000E+00
  44.900   0.000000E+00   0.000000E+00
  45.000   0.000000E+00   0.000000E+00
  45.100   0.000000E+00   0.000000E+00
  45.200   0.000000E+00   0.000000E+00
  45.300   0.000000E+00   0.000000E+00
  45.400   0.000000E+00   0.000000E+00
  45.500   0.000000E+00   0.000000E+00
  45.600   0.000000E+00   0.000000E+00
  45.700   0.000000E+00   0.000000E+00
  45.800   0.000000E+00   0.000000E+00
  45.900   0.000000E+00   0.000000E+00
  46.000   0.000000E+00   0.000000E+00
  46.100   0.000000E+00   0.000000E+00
  46.200   0.000000E+00   0.000000E+00
  46.300   0.000000E+00   0.000000E+00
  46.400   0.000000E+00   0.000000E+00
  46.500   0.000000E+00   0.000000E+00
  46.600   0.000000E+00   0.000000E+00
  46.700   0.000000E+00   0.000000E+00
  46.800   0.000000E+00   0.000000E+00
  46.900   0.000000E+00   0.000000E+00
  47.000   0.000000E+00   0.000000E+00
  47.100   0.000000E+00   0.000000E+00
  47.200   0.000000E+00   0.000000E+00
  47.300   0.000000E+00   0.000000E+00
  47.400   0.000000E+00   0.000000E+00
  47.500   0.000000E+00   0.000000E+00
  47.600   0.000000E+00   0.000000E+00
  47.700   0.000000E+00   0.000000E+00
  47.800   0.000000E+00   0.000000E+00
  47.900   0.000000E+00   0.000000E+00
  48.000   0.000000E+00   0.000000E+00
  48.100   0.000000E+00   0.000000E+00
  48.200   0.000000E+00   0.000000E+00
  48.300   0.000000E+00   0.000000E+00
  48.400   0.000000E+00   0.000000E+00
  48.500   0.000000E+00   0.000000E+00
  48.600   0.000000E+00   0.000000E+00
  48.700   0.000000E+00   0.000000E+00
  48.800   0.000000E+00   0.000000E+00
  48.900   0.000000E+00   0.000000E+00
  49.000   0.000000E+00   0.000000E+00
  49.100   0.000000E+00   0.000000E+00
  49.200   0.000000E+00   0.000000E+00
  49.300   0.000000E+00   0.000000E+00
  49.400   0.000000E+00   0.000000E+00
  49.500   0.000000E+00   0.000000E+00
  49.600   0.000000E+00   0.000000E+00
  49.700   0.000000E+00   0.000000E+00
  49.800   0.000000E+00   0.000000E+00
  49.900   0.000000E+00   0.000000E+00
  50.000   0.000000E+00   0.000000E+00
  50.100   0.000000E+00   0.000000E+00
  50.200   0.000000E+00   0.000000E+00
  50.300   0.000000E+00   0.000000E+00
  50.400   0.000000E+00   0.000000E+00
  50.500   0.000000E+00   0.000000E+00
  50.600   0.000000E+00   0.000000E+00
  50.700   0.000000E+00   0.000000E+00
  50.800   0.000000E+00   0.000000E+00
  50.900   0.000000E+00   0.000000E+00
  51.000   0.000000E+00   0.000000E+00
  51.100   0.000000E+00   0.000000E+00
  51.200   0.000000E+00   0.000000E+00
  51.300   0.000000E+00   0.000000E+00
  51.400   0.000000E+00   0.000000E+00
  51.500   0.000000E+00   0.000000E+00
  51.600   0.000000E+00   0.000000E+00
  51.700   0.000000E+00   0.000000E+00
  51.800   0.000000E+00   0.000000E+00
  51.900   0.000000E+00   0.000000E+00
  52.000   0.000000E+00   0.000000E+00
  52.100   0.000000E+00   0.000000E+00
  52.200   0.000000E+00   0.000000E+00
  52.300   0.000000E+00   0.000000E+00
  52.400   0.000000E+00   0.000000E+00
  52.500   0.000000E+00   0.000000E+00
  52.600   0.000000E+00   0.000000E+00
  52.700   0.000000E+00   0.000000E+00
  52.800   0.000000E+00   0.000000E+00
  52.900   0.000000E+00   0.000000E+00
  53.000   0.000000E+00   0.000000E+00
  53.100   0.000000E+00   0.000000E+00
  53.200   0.000000E+00   0.000000E+00
  53.300   0.000000E+00   0.000000E+00
  53.400   0.000000E+00   0.000000E+00
  53.500   0.000000E+00   0.000000E+00
  53.600   0.000000E+00   0.000000E+00
  53.700   0.000000E+00   0.000000E+00
  53.800   0.000000E+00   0.000000E+00
  53.900   0.000000E+00   0.000000E+00
  54.000   0.000000E+00   0.000000E+00
  54.100   0.000000E+00   0.000000E+00
  54.200   0.000000E+00   0.000000E+00
  54.300   0.000000E+00   0.000000E+00
  54.400   0.000000E+00   0.000000E+00
  54.500   0.000000E+00   0.000000E+00
  54.600   0.000000E+00   0.000000E+00
  54.700   0.000000E+00   0.000000E+00
  54.800   0.000000E+00   0.000000E+00
  54.900   0.000000E+00   0.000000E+00
  55.000   0.000000E+00   0.000000E+00
  55.100   0.000000E+00   0.000000E+00
  55.200   0.000000E+00   0.000000E+00
  55.300   0.000000E+00   0.000000E+00
  55.400   0.000000E+00   0.000000E+00
  55.500   0.000000E+00   0.000000E+00
  55.600   0.000000E+00   0.000000E+00
  55.700   0.000000E+00   0.000000E+00
  55.800   0.000000E+00   0.000000E+00
  55.900   0.000000E+00   0.000000E+00
  56.000   0.000000E+00   0.000000E+00
  56.100   0.000000E+00   0.000000E+00
  56.200   0.000000E+00   0.000000E+00
  56.300   0.000000E+00   0.000000E+00
  56.400   0.000000E+00   0.000000E+00
  56.500   0.000000E+00   0.000000E+00
  56.600   0.000000E+00   0.000000E+00
  56.700   0.000000E+00   0.000000E+00
  56.800   0.000000E+00   0.000000E+00
  56.900   0.000000E+00   0.000000E+00
  57.000   0.000000E+00   0.000000E+00
  57.100   0.000000E+00   0.000000E+00
  57.200   0.000000E+00   0.000000E+00
  57.300   0.000000E+00   0.000000E+00
  57.400   0.000000E+00   0.000000E+00
  57.500   0.000000E+00   0.000000E+00
  57.600   0.000000E+00   0.000000E+00
  57.700   0.000000E+00   0.000000E+00
  57.800   0.000000E+00   0.000000E+00
  57.900   0.000000E+00   0.000000E+00
  58.000   0.000000E+00   0.000000E+00
  58.100   0.000000E+00   0.000000E+00
  58.200   0.000000E+00   0.000000E+00
  58.300   0.000000E+00   0.000000E+00
  58.400   0.000000E+00   0.000000E+00
  58.500   0.000000E+00   0.000000E+00
  58.600   0.000000E+00   0.000000E+00
  58.700   0.000000E+00   0.000000E+00
  58.800   0.000000E+00   0.000000E+00
  58.900   0.000000E+00   0.000000E+00
  59.000   0.000000E+00   0.000000E+00
  59.100   0.000000E+00   0.000000E+00
  59.200   0.000000E+00   0.000000E+00
  59.300   0.000000E+00   0.000000E+00
  59.400   0.000000E+00   0.000000E+00
  59.500   0.000000E+00   0.000000E+00
  59.600   0.000000E+00   0.000000E+00
  59.700   0.000000E+00   0.000000E+00
  59.800   0.000000E+00   0.000000E+00
  59.900   0.000000E+00   0.000000E+00
  60.000   0.000000E+00   0.000000E+00
  60.100   0.000000E+00   0.000000E+00
 &
# Potential at   4: KP=  1 of type  3 and multipole =  0
   0.000   0.000000E+00   0.000000E+00
   0.100   0.000000E+00   0.000000E+00
   0.200   0.000000E+00   0.000000E+00
   0.300   0.000000E+00   0.000000E+00
   0.400   0.000000E+00   0.000000E+00
   0.500   0.000000E+00   0.000000E+00
   0.600   0.000000E+00   0.000000E+00
   0.700   0.000000E+00   0.000000E+00
   0.800   0.000000E+00   0.000000E+00
   0.900   0.000000E+00   0.000000E+00
   1.000   0.000000E+00   0.000000E+00
   1.100   0.000000E+00   0.000000E+00
   1.200   0.000000E+00   0.000000E+00
   1.300   0.000000E+00   0.000000E+00
   1.400   0.000000E+00   0.000000E+00
   1.500   0.000000E+00   0.000000E+00
   1.600   0.000000E+00   0.000000E+00
   1.700   0.000000E+00   0.000000E+00
   1.800   0.000000E+00   0.000000E+00
   1.900   0.000000E+00   0.000000E+00
   2.000   0.000000E+00   0.000000E+00
   2.100   0.000000E+00   0.000000E+00
   2.200   0.000000E+00   0.000000E+00
   2.300   0.000000E+00   0.000000E+00
   2.400   0.000000E+00   0.000000E+00
   2.500   0.000000E+00   0.000000E+00
   2.600   0.000000E+00   0.000000E+00
   2.700   0.000000E+00   0.000000E+00
   2.800   0.000000E+00   0.000000E+00
   2.900   0.000000E+00   0.000000E+00
   3.000   0.000000E+00   0.000000E+00
   3.100   0.000000E+00   0.000000E+00
   3.200   0.000000E+00   0.000000E+00
   3.300   0.000000E+00   0.000000E+00
   3.400   0.000000E+00   0.000000E+00
   3.500   0.000000E+00   0.000000E+00
   3.600   0.000000E+00   0.000000E+00
   3.700   0.000000E+00   0.000000E+00
   3.800   0.000000E+00   0.000000E+00
   3.900   0.000000E+00   0.000000E+00
   4.000   0.000000E+00   0.000000E+00
   4.100   0.000000E+00   0.000000E+00
   4.200   0.000000E+00   0.000000E+00
   4.300   0.000000E+00   0.000000E+00
   4.400   0.000000E+00   0.000000E+00
   4.500   0.000000E+00   0.000000E+00
   4.600   0.000000E+00   0.000000E+00
   4.700   0.000000E+00   0.000000E+00
   4.800   0.000000E+00   0.000000E+00
   4.900   0.000000E+00   0.000000E+00
   5.000   0.000000E+00   0.000000E+00
   5.100   0.000000E+00   0.000000E+00
   5.200   0.000000E+00   0.000000E+00
   5.300   0.000000E+00   0.000000E+00
   5.400   0.000000E+00   0.000000E+00
   5.500   0.000000E+00   0.000000E+00
   5.600   0.000000E+00   0.000000E+00
   5.700   0.000000E+00   0.000000E+00
   5.800   0.000000E+00   0.000000E+00
   5.900   0.000000E+00   0.000000E+00
   6.000   0.000000E+00   0.000000E+00
   6.100   0.000000E+00   0.000000E+00
   6.200   0.000000E+00   0.000000E+00
   6.300   0.000000E+00   0.000000E+00
   6.400   0.000000E+00   0.000000E+00
   6.500   0.000000E+00   0.000000E+00
   6.600   0.000000E+00   0.000000E+00
   6.700   0.000000E+00   0.000000E+00
   6.800   0.000000E+00   0.000000E+00
   6.900   0.000000E+00   0.000000E+00
   7.000   0.000000E+00   0.000000E+00
   7.100   0.000000E+00   0.000000E+00
   7.200   0.000000E+00   0.000000E+00
   7.300   0.000000E+00   0.000000E+00
   7.400   0.000000E+00   0.000000E+00
   7.500   0.000000E+00   0.000000E+00
   7.600   0.000000E+00   0.000000E+00
   7.700   0.000000E+00   0.000000E+00
   7.800   0.000000E+00   0.000000E+00
   7.900   0.000000E+00   0.000000E+00
   8.000   0.000000E+00   0.000000E+00
   8.100   0.000000E+00   0.000000E+00
   8.200   0.000000E+00   0.000000E+00
   8.300   0.000000E+00   0.000000E+00
   8.400   0.000000E+00   0.000000E+00
   8.500   0.000000E+00   0.000000E+00
   8.600   0.000000E+00   0.000000E+00
   8.700   0.000000E+00   0.000000E+00
   8.800   0.000000E+00   0.000000E+00
   8.900   0.000000E+00   0.000000E+00
   9.000   0.000000E+00   0.000000E+00
   9.100   0.000000E+00   0.000000E+00
   9.200   0.000000E+00   0.000000E+00
   9.300   0.000000E+00   0.000000E+00
   9.400   0.000000E+00   0.000000E+00
   9.500   0.000000E+00   0.000000E+00
   9.600   0.000000E+00   0.000000E+00
   9.700   0.000000E+00   0.000000E+00
   9.800   0.000000E+00   0.000000E+00
   9.900   0.000000E+00   0.000000E+00
  10.000   0.000000E+00   0.000000E+00
  10.100   0.000000E+00   0.000000E+00
  10.200   0.000000E+00   0.000000E+00
  10.300   0.000000E+00   0.000000E+00
  10.400   0.000000E+00   0.000000E+00
  10.500   0.000000E+00   0.000000E+00
  10.600   0.000000E+00   0.000000E+00
  10.700   0.000000E+00   0.000000E+00
  10.800   0.000000E+00   0.000000E+00
  10.900   0.000000E+00   0.000000E+00
  11.000   0.000000E+00   0.000000E+00
  11.100   0.000000E+00   0.000000E+00
  11.200   0.000000E+00   0.000000E+00
  11.300   0.000000E+00   0.000000E+00
  11.400   0.000000E+00   0.000000E+00
  11.500   0.000000E+00   0.000000E+00
  11.600   0.000000E+00   0.000000E+00
  11.700   0.000000E+00   0.000000E+00
  11.800   0.000000E+00   0.000000E+00
  11.900   0.000000E+00   0.000000E+00
  12.000   0.000000E+00   0.000000E+00
  12.100   0.000000E+00   0.000000E+00
  12.200   0.000000E+00   0.000000E+00
  12.300   0.000000E+00   0.000000E+00
  12.400   0.000000E+00   0.000000E+00
  12.500   0.000000E+00   0.000000E+00
  12.600   0.000000E+00   0.000000E+00
  12.700   0.000000E+00   0.000000E+00
  12.800   0.000000E+00   0.000000E+00
  12.900   0.000000E+00   0.000000E+00
  13.000   0.000000E+00   0.000000E+00
  13.100   0.000000E+00   0.000000E+00
  13.200   0.000000E+00   0.000000E+00
  13.300   0.000000E+00   0.000000E+00
  13.400   0.000000E+00   0.000000E+00
  13.500   0.000000E+00   0.000000E+00
  13.600   0.000000E+00   0.000000E+00
  13.700   0.000000E+00   0.000000E+00
  13.800   0.000000E+00   0.000000E+00
  13.900   0.000000E+00   0.000000E+00
  14.000   0.000000E+00   0.000000E+00
  14.100   0.000000E+00   0.000000E+00
  14.200   0.000000E+00   0.000000E+00
  14.300   0.000000E+00   0.000000E+00
  14.400   0.000000E+00   0.000000E+00
  14.500   0.000000E+00   0.000000E+00
  14.600   0.000000E+00   0.000000E+00
  14.700   0.000000E+00   0.000000E+00
  14.800   0.000000E+00   0.000000E+00
  14.900   0.000000E+00   0.000000E+00
  15.000   0.000000E+00   0.000000E+00
  15.100   0.000000E+00   0.000000E+00
  15.200   0.000000E+00   0.000000E+00
  15.300   0.000000E+00   0.000000E+00
  15.400   0.000000E+00   0.000000E+00
  15.500   0.000000E+00   0.000000E+00
  15.600   0.000000E+00   0.000000E+00
  15.700   0.000000E+00   0.000000E+00
  15.800   0.000000E+00   0.000000E+00
  15.900   0.000000E+00   0.000000E+00
  16.000   0.000000E+00   0.000000E+00
  16.100   0.000000E+00   0.000000E+00
  16.200   0.000000E+00   0.000000E+00
  16.300   0.000000E+00   0.000000E+00
  16.400   0.000000E+00   0.000000E+00
  16.500   0.000000E+00   0.000000E+00
  16.600   0.000000E+00   0.000000E+00
  16.700   0.000000E+00   0.000000E+00
  16.800   0.000000E+00   0.000000E+00
  16.900   0.000000E+00   0.000000E+00
  17.000   0.000000E+00   0.000000E+00
  17.100   0.000000E+00   0.000000E+00
  17.200   0.000000E+00   0.000000E+00
  17.300   0.000000E+00   0.000000E+00
  17.400   0.000000E+00   0.000000E+00
  17.500   0.000000E+00   0.000000E+00
  17.600   0.000000E+00   0.000000E+00
  17.700   0.000000E+00   0.000000E+00
  17.800   0.000000E+00   0.000000E+00
  17.900   0.000000E+00   0.000000E+00
  18.000   0.000000E+00   0.000000E+00
  18.100   0.000000E+00   0.000000E+00
  18.200   0.000000E+00   0.000000E+00
  18.300   0.000000E+00   0.000000E+00
  18.400   0.000000E+00   0.000000E+00
  18.500   0.000000E+00   0.000000E+00
  18.600   0.000000E+00   0.000000E+00
  18.700   0.000000E+00   0.000000E+00
  18.800   0.000000E+00   0.000000E+00
  18.900   0.000000E+00   0.000000E+00
  19.000   0.000000E+00   0.000000E+00
  19.100   0.000000E+00   0.000000E+00
  19.200   0.000000E+00   0.000000E+00
  19.300   0.000000E+00   0.000000E+00
  19.400   0.000000E+00   0.000000E+00
  19.500   0.000000E+00   0.000000E+00
  19.600   0.000000E+00   0.000000E+00
  19.700   0.000000E+00   0.000000E+00
  19.800   0.000000E+00   0.000000E+00
  19.900   0.000000E+00   0.000000E+00
  20.000   0.000000E+00   0.000000E+00
  20.100   0.000000E+00   0.000000E+00
  20.200   0.000000E+00   0.000000E+00
  20.300   0.000000E+00   0.000000E+00
  20.400   0.000000E+00   0.000000E+00
  20.500   0.000000E+00   0.000000E+00
  20.600   0.000000E+00   0.000000E+00
  20.700   0.000000E+00   0.000000E+00
  20.800   0.000000E+00   0.000000E+00
  20.900   0.000000E+00   0.000000E+00
  21.000   0.000000E+00   0.000000E+00
  21.100   0.000000E+00   0.000000E+00
  21.200   0.000000E+00   0.000000E+00
  21.300   0.000000E+00   0.000000E+00
  21.400   0.000000E+00   0.000000E+00
  21.500   0.000000E+00   0.000000E+00
  21.600   0.000000E+00   0.000000E+00
  21.700   0.000000E+00   0.000000E+00
  21.800   0.000000E+00   0.000000E+00
  21.900   0.000000E+00   0.000000E+00
  22.000   0.000000E+00   0.000000E+00
  22.100   0.000000E+00   0.000000E+00
  22.200   0.000000E+00   0.000000E+00
  22.300   0.000000E+00   0.000000E+00
  22.400   0.000000E+00   0.000000E+00
  22.500   0.000000E+00   0.000000E+00
  22.600   0.000000E+00   0.000000E+00
  22.700   0.000000E+00   0.000000E+00
  22.800   0.000000E+00   0.000000E+00
  22.900   0.000000E+00   0.000000E+00
  23.000   0.000000E+00   0.000000E+00
  23.100   0.000000E+00   0.000000E+00
  23.200   0.000000E+00   0.000000E+00
  23.300   0.000000E+00   0.000000E+00
  23.400   0.000000E+00   0.000000E+00
  23.500   0.000000E+00   0.000000E+00
  23.600   0.000000E+00   0.000000E+00
  23.700   0.000000E+00   0.000000E+00
  23.800   0.000000E+00   0.000000E+00
  23.900   0.000000E+00   0.000000E+00
  24.000   0.000000E+00   0.000000E+00
  24.100   0.000000E+00   0.000000E+00
  24.200   0.000000E+00   0.000000E+00
  24.300   0.000000E+00   0.000000E+00
  24.400   0.000000E+00   0.000000E+00
  24.500   0.000000E+00   0.000000E+00
  24.600   0.000000E+00   0.000000E+00
  24.700   0.000000E+00   0.000000E+00
  24.800   0.000000E+00   0.000000E+00
  24.900   0.000000E+00   0.000000E+00
  25.000   0.000000E+00   0.000000E+00
  25.100   0.000000E+00   0.000000E+00
  25.200   0.000000E+00   0.000000E+00
  25.300   0.000000E+00   0.000000E+00
  25.400   0.000000E+00   0.000000E+00
  25.500   0.000000E+00   0.000000E+00
  25.600   0.000000E+00   0.000000E+00
  25.700   0.000000E+00   0.000000E+00
  25.800   0.000000E+00   0.000000E+00
  25.900   0.000000E+00   0.000000E+00
  26.000   0.000000E+00   0.000000E+00
  26.100   0.000000E+00   0.000000E+00
  26.200   0.000000E+00   0.000000E+00
  26.300   0.000000E+00   0.000000E+00
  26.400   0.000000E+00   0.000000E+00
  26.500   0.000000E+00   0.000000E+00
  26.600   0.000000E+00   0.000000E+00
  26.700   0.000000E+00   0.000000E+00
  26.800   0.000000E+00   0.000000E+00
  26.900   0.000000E+00   0.000000E+00
  27.000   0.000000E+00   0.000000E+00
  27.100   0.000000E+00   0.000000E+00
  27.200   0.000000E+00   0.000000E+00
  27.300   0.000000E+00   0.000000E+00
  27.400   0.000000E+00   0.000000E+00
  27.500   0.000000E+00   0.000000E+00
  27.600   0.000000E+00   0.000000E+00
  27.700   0.000000E+00   0.000000E+00
  27.800   0.000000E+00   0.000000E+00
  27.900   0.000000E+00   0.000000E+00
  28.000   0.000000E+00   0.000000E+00
  28.100   0.000000E+00   0.000000E+00
  28.200   0.000000E+00   0.000000E+00
  28.300   0.000000E+00   0.000000E+00
  28.400   0.000000E+00   0.000000E+00
  28.500   0.000000E+00   0.000000E+00
  28.600   0.000000E+00   0.000000E+00
  28.700   0.000000E+00   0.000000E+00
  28.800   0.000000E+00   0.000000E+00
  28.900   0.000000E+00   0.000000E+00
  29.000   0.000000E+00   0.000000E+00
  29.100   0.000000E+00   0.000000E+00
  29.200   0.000000E+00   0.000000E+00
  29.300   0.000000E+00   0.000000E+00
  29.400   0.000000E+00   0.000000E+00
  29.500   0.000000E+00   0.000000E+00
  29.600   0.000000E+00   0.000000E+00
  29.700   0.000000E+00   0.000000E+00
  29.800   0.000000E+00   0.000000E+00
  29.900   0.000000E+00   0.000000E+00
  30.000   0.000000E+00   0.000000E+00
  30.100   0.000000E+00   0.000000E+00
  30.200   0.000000E+00   0.000000E+00
  30.300   0.000000E+00   0.000000E+00
  30.400   0.000000E+00   0.000000E+00
  30.500   0.000000E+00   0.000000E+00
  30.600   0.000000E+00   0.000000E+00
  30.700   0.000000E+00   0.000000E+00
  30.800   0.000000E+00   0.000000E+00
  30.900   0.000000E+00   0.000000E+00
  31.000   0.000000E+00   0.000000E+00
  31.100   0.000000E+00   0.000000E+00
  31.200   0.000000E+00   0.000000E+00
  31.300   0.000000E+00   0.000000E+00
  31.400   0.000000E+00   0.000000E+00
  31.500   0.000000E+00   0.000000E+00
  31.600   0.000000E+00   0.000000E+00
  31.700   0.000000E+00   0.000000E+00
  31.800   0.000000E+00   0.000000E+00
  31.900   0.000000E+00   0.000000E+00
  32.000   0.000000E+00   0.000000E+00
  32.100   0.000000E+00   0.000000E+00
  32.200   0.000000E+00   0.000000E+00
  32.300   0.000000E+00   0.000000E+00
  32.400   0.000000E+00   0.000000E+00
  32.500   0.000000E+00   0.000000E+00
  32.600   0.000000E+00   0.000000E+00
  32.700   0.000000E+00   0.000000E+00
  32.800   0.000000E+00   0.000000E+00
  32.900   0.000000E+00   0.000000E+00
  33.000   0.000000E+00   0.000000E+00
  33.100   0.000000E+00   0.000000E+00
  33.200   0.000000E+00   0.000000E+00
  33.300   0.000000E+00   0.000000E+00
  33.400   0.000000E+00   0.000000E+00
  33.500   0.000000E+00   0.000000E+00
  33.600   0.000000E+00   0.000000E+00
  33.700   0.000000E+00   0.000000E+00
  33.800   0.000000E+00   0.000000E+00
  33.900   0.000000E+00   0.000000E+00
  34.000   0.000000E+00   0.000000E+00
  34.100   0.000000E+00   0.000000E+00
  34.200   0.000000E+00   0.000000E+00
  34.300   0.000000E+00   0.000000E+00
  34.400   0.000000E+00   0.000000E+00
  34.500   0.000000E+00   0.000000E+00
  34.600   0.000000E+00   0.000000E+00
  34.700   0.000000E+00   0.000000E+00
  34.800   0.000000E+00   0.000000E+00
  34.900   0.000000E+00   0.000000E+00
  35.000   0.000000E+00   0.000000E+00
  35.100   0.000000E+00   0.000000E+00
  35.200   0.000000E+00   0.000000E+00
  35.300   0.000000E+00   0.000000E+00
  35.400   0.000000E+00   0.000000E+00
  35.500   0.000000E+00   0.000000E+00
  35.600   0.000000E+00   0.000000E+00
  35.700   0.000000E+00   0.000000E+00
  35.800   0.000000E+00   0.000000E+00
  35.900   0.000000E+00   0.000000E+00
  36.000   0.000000E+00   0.000000E+00
  36.100   0.000000E+00   0.000000E+00
  36.200   0.000000E+00   0.000000E+00
  36.300   0.000000E+00   0.000000E+00
  36.400   0.000000E+00   0.000000E+00
  36.500   0.000000E+00   0.000000E+00
  36.600   0.000000E+00   0.000000E+00
  36.700   0.000000E+00   0.000000E+00
  36.800   0.000000E+00   0.000000E+00
  36.900   0.000000E+00   0.000000E+00
  37.000   0.000000E+00   0.000000E+00
  37.100   0.000000E+00   0.000000E+00
  37.200   0.000000E+00   0.000000E+00
  37.300   0.000000E+00   0.000000E+00
  37.400   0.000000E+00   0.000000E+00
  37.500   0.000000E+00   0.000000E+00
  37.600   0.000000E+00   0.000000E+00
  37.700   0.000000E+00   0.000000E+00
  37.800   0.000000E+00   0.000000E+00
  37.900   0.000000E+00   0.000000E+00
  38.000   0.000000E+00   0.000000E+00
  38.100   0.000000E+00   0.000000E+00
  38.200   0.000000E+00   0.000000E+00
  38.300   0.000000E+00   0.000000E+00
  38.400   0.000000E+00   0.000000E+00
  38.500   0.000000E+00   0.000000E+00
  38.600   0.000000E+00   0.000000E+00
  38.700   0.000000E+00   0.000000E+00
  38.800   0.000000E+00   0.000000E+00
  38.900   0.000000E+00   0.000000E+00
  39.000   0.000000E+00   0.000000E+00
  39.100   0.000000E+00   0.000000E+00
  39.200   0.000000E+00   0.000000E+00
  39.300   0.000000E+00   0.000000E+00
  39.400   0.000000E+00   0.000000E+00
  39.500   0.000000E+00   0.000000E+00
  39.600   0.000000E+00   0.000000E+00
  39.700   0.000000E+00   0.000000E+00
  39.800   0.000000E+00   0.000000E+00
  39.900   0.000000E+00   0.000000E+00
  40.000   0.000000E+00   0.000000E+00
  40.100   0.000000E+00   0.000000E+00
  40.200   0.000000E+00   0.000000E+00
  40.300   0.000000E+00   0.000000E+00
  40.400   0.000000E+00   0.000000E+00
  40.500   0.000000E+00   0.000000E+00
  40.600   0.000000E+00   0.000000E+00
  40.700   0.000000E+00   0.000000E+00
  40.800   0.000000E+00   0.000000E+00
  40.900   0.000000E+00   0.000000E+00
  41.000   0.000000E+00   0.000000E+00
  41.100   0.000000E+00   0.000000E+00
  41.200   0.000000E+00   0.000000E+00
  41.300   0.000000E+00   0.000000E+00
  41.400   0.000000E+00   0.000000E+00
  41.500   0.000000E+00   0.000000E+00
  41.600   0.000000E+00   0.000000E+00
  41.700   0.000000E+00   0.000000E+00
  41.800   0.000000E+00   0.000000E+00
  41.900   0.000000E+00   0.000000E+00
  42.000   0.000000E+00   0.000000E+00
  42.100   0.000000E+00   0.000000E+00
  42.200   0.000000E+00   0.000000E+00
  42.300   0.000000E+00   0.000000E+00
  42.400   0.000000E+00   0.000000E+00
  42.500   0.000000E+00   0.000000E+00
  42.600   0.000000E+00   0.000000E+00
  42.700   0.000000E+00   0.000000E+00
  42.800   0.000000E+00   0.000000E+00
  42.900   0.000000E+00   0.000000E+00
  43.000   0.000000E+00   0.000000E+00
  43.100   0.000000E+00   0.000000E+00
  43.200   0.000000E+00   0.000000E+00
  43.300   0.000000E+00   0.000000E+00
  43.400   0.000000E+00   0.000000E+00
  43.500   0.000000E+00   0.000000E+00
  43.600   0.000000E+00   0.000000E+00
  43.700   0.000000E+00   0.000000E+00
  43.800   0.000000E+00   0.000000E+00
  43.900   0.000000E+00   0.000000E+00
  44.000   0.000000E+00   0.000000E+00
  44.100   0.000000E+00   0.000000E+00
  44.200   0.000000E+00   0.000000E+00
  44.300   0.000000E+00   0.000000E+00
  44.400   0.000000E+00   0.000000E+00
  44.500   0.000000E+00   0.000000E+00
  44.600   0.000000E+00   0.000000E+00
  44.700   0.000000E+00   0.000000E+00
  44.800   0.000000E+00   0.000000E+00
  44.900   0.000000E+00   0.000000E+00
  45.000   0.000000E+00   0.000000E+00
  45.100   0.000000E+00   0.000000E+00
  45.200   0.000000E+00   0.000000E+00
  45.300   0.000000E+00   0.000000E+00
  45.400   0.000000E+00   0.000000E+00
  45.500   0.000000E+00   0.000000E+00
  45.600   0.000000E+00   0.000000E+00
  45.700   0.000000E+00   0.000000E+00
  45.800   0.000000E+00   0.000000E+00
  45.900   0.000000E+00   0.000000E+00
  46.000   0.000000E+00   0.000000E+00
  46.100   0.000000E+00   0.000000E+00
  46.200   0.000000E+00   0.000000E+00
  46.300   0.000000E+00   0.000000E+00
  46.400   0.000000E+00   0.000000E+00
  46.500   0.000000E+00   0.000000E+00
  46.600   0.000000E+00   0.000000E+00
  46.700   0.000000E+00   0.000000E+00
  46.800   0.000000E+00   0.000000E+00
  46.900   0.000000E+00   0.000000E+00
  47.000   0.000000E+00   0.000000E+00
  47.100   0.000000E+00   0.000000E+00
  47.200   0.000000E+00   0.000000E+00
  47.300   0.000000E+00   0.000000E+00
  47.400   0.000000E+00   0.000000E+00
  47.500   0.000000E+00   0.000000E+00
  47.600   0.000000E+00   0.000000E+00
  47.700   0.000000E+00   0.000000E+00
  47.800   0.000000E+00   0.000000E+00
  47.900   0.000000E+00   0.000000E+00
  48.000   0.000000E+00   0.000000E+00
  48.100   0.000000E+00   0.000000E+00
  48.200   0.000000E+00   0.000000E+00
  48.300   0.000000E+00   0.000000E+00
  48.400   0.000000E+00   0.000000E+00
  48.500   0.000000E+00   0.000000E+00
  48.600   0.000000E+00   0.000000E+00
  48.700   0.000000E+00   0.000000E+00
  48.800   0.000000E+00   0.000000E+00
  48.900   0.000000E+00   0.000000E+00
  49.000   0.000000E+00   0.000000E+00
  49.100   0.000000E+00   0.000000E+00
  49.200   0.000000E+00   0.000000E+00
  49.300   0.000000E+00   0.000000E+00
  49.400   0.000000E+00   0.000000E+00
  49.500   0.000000E+00   0.000000E+00
  49.600   0.000000E+00   0.000000E+00
  49.700   0.000000E+00   0.000000E+00
  49.800   0.000000E+00   0.000000E+00
  49.900   0.000000E+00   0.000000E+00
  50.000   0.000000E+00   0.000000E+00
  50.100   0.000000E+00   0.000000E+00
  50.200   0.000000E+00   0.000000E+00
  50.300   0.000000E+00   0.000000E+00
  50.400   0.000000E+00   0.000000E+00
  50.500   0.000000E+00   0.000000E+00
  50.600   0.000000E+00   0.000000E+00
  50.700   0.000000E+00   0.000000E+00
  50.800   0.000000E+00   0.000000E+00
  50.900   0.000000E+00   0.000000E+00
  51.000   0.000000E+00   0.000000E+00
  51.100   0.000000E+00   0.000000E+00
  51.200   0.000000E+00   0.000000E+00
  51.300   0.000000E+00   0.000000E+00
  51.400   0.000000E+00   0.000000E+00
  51.500   0.000000E+00   0.000000E+00
  51.600   0.000000E+00   0.000000E+00
  51.700   0.000000E+00   0.000000E+00
  51.800   0.000000E+00   0.000000E+00
  51.900   0.000000E+00   0.000000E+00
  52.000   0.000000E+00   0.000000E+00
  52.100   0.000000E+00   0.000000E+00
  52.200   0.000000E+00   0.000000E+00
  52.300   0.000000E+00   0.000000E+00
  52.400   0.000000E+00   0.000000E+00
  52.500   0.000000E+00   0.000000E+00
  52.600   0.000000E+00   0.000000E+00
  52.700   0.000000E+00   0.000000E+00
  52.800   0.000000E+00   0.000000E+00
  52.900   0.000000E+00   0.000000E+00
  53.000   0.000000E+00   0.000000E+00
  53.100   0.000000E+00   0.000000E+00
  53.200   0.000000E+00   0.000000E+00
  53.300   0.000000E+00   0.000000E+00
  53.400   0.000000E+00   0.000000E+00
  53.500   0.000000E+00   0.000000E+00
  53.600   0.000000E+00   0.000000E+00
  53.700   0.000000E+00   0.000000E+00
  53.800   0.000000E+00   0.000000E+00
  53.900   0.000000E+00   0.000000E+00
  54.000   0.000000E+00   0.000000E+00
  54.100   0.000000E+00   0.000000E+00
  54.200   0.000000E+00   0.000000E+00
  54.300   0.000000E+00   0.000000E+00
  54.400   0.000000E+00   0.000000E+00
  54.500   0.000000E+00   0.000000E+00
  54.600   0.000000E+00   0.000000E+00
  54.700   0.000000E+00   0.000000E+00
  54.800   0.000000E+00   0.000000E+00
  54.900   0.000000E+00   0.000000E+00
  55.000   0.000000E+00   0.000000E+00
  55.100   0.000000E+00   0.000000E+00
  55.200   0.000000E+00   0.000000E+00
  55.300   0.000000E+00   0.000000E+00
  55.400   0.000000E+00   0.000000E+00
  55.500   0.000000E+00   0.000000E+00
  55.600   0.000000E+00   0.000000E+00
  55.700   0.000000E+00   0.000000E+00
  55.800   0.000000E+00   0.000000E+00
  55.900   0.000000E+00   0.000000E+00
  56.000   0.000000E+00   0.000000E+00
  56.100   0.000000E+00   0.000000E+00
  56.200   0.000000E+00   0.000000E+00
  56.300   0.000000E+00   0.000000E+00
  56.400   0.000000E+00   0.000000E+00
  56.500   0.000000E+00   0.000000E+00
  56.600   0.000000E+00   0.000000E+00
  56.700   0.000000E+00   0.000000E+00
  56.800   0.000000E+00   0.000000E+00
  56.900   0.000000E+00   0.000000E+00
  57.000   0.000000E+00   0.000000E+00
  57.100   0.000000E+00   0.000000E+00
  57.200   0.000000E+00   0.000000E+00
  57.300   0.000000E+00   0.000000E+00
  57.400   0.000000E+00   0.000000E+00
  57.500   0.000000E+00   0.000000E+00
  57.600   0.000000E+00   0.000000E+00
  57.700   0.000000E+00   0.000000E+00
  57.800   0.000000E+00   0.000000E+00
  57.900   0.000000E+00   0.000000E+00
  58.000   0.000000E+00   0.000000E+00
  58.100   0.000000E+00   0.000000E+00
  58.200   0.000000E+00   0.000000E+00
  58.300   0.000000E+00   0.000000E+00
  58.400   0.000000E+00   0.000000E+00
  58.500   0.000000E+00   0.000000E+00
  58.600   0.000000E+00   0.000000E+00
  58.700   0.000000E+00   0.000000E+00
  58.800   0.000000E+00   0.000000E+00
  58.900   0.000000E+00   0.000000E+00
  59.000   0.000000E+00   0.000000E+00
  59.100   0.000000E+00   0.000000E+00
  59.200   0.000000E+00   0.000000E+00
  59.300   0.000000E+00   0.000000E+00
  59.400   0.000000E+00   0.000000E+00
  59.500   0.000000E+00   0.000000E+00
  59.600   0.000000E+00   0.000000E+00
  59.700   0.000000E+00   0.000000E+00
  59.800   0.000000E+00   0.000000E+00
  59.900   0.000000E+00   0.000000E+00
  60.000   0.000000E+00   0.000000E+00
  60.100   0.000000E+00   0.000000E+00
 &
