           1           2           1
    0.5+     0 1   12.87       0.000    
    0.5-     1 1   12.89       0.000    
    1.5+     2 1   25.65       0.000    
    1.5-     1 1   25.77       0.000    
    2.5+     2 1   38.48       0.000    
    2.5-     3 1   38.47       0.000    
    3.5+     4 1   50.99       0.000    
    3.5-     3 1   51.29       0.000    
    4.5+     4 1   63.74       0.000    
    4.5-     5 1   63.22       0.000    
    5.5+     6 1   75.97       0.000    
    5.5-     5 1   75.86       0.000    
    6.5+     6 1   88.63       0.000    
    6.5-     7 1   86.34       0.000    
    7.5+     8 1   96.71       0.000    
    7.5-     7 1   98.68       0.000    
    8.5+     8 1   108.8       0.000    
    8.5-     9 1   115.2       0.000    
    9.5+    10 1   100.1       0.000    
    9.5-     9 1   128.0       0.000    
   10.5+    10 1   110.1       0.000    
   10.5-    11 1   35.81       0.000    
   11.5+    12 1   9.445       0.000    
   11.5-    11 1   39.06       0.000    
   12.5+    12 1   10.23       0.000    
   12.5-    13 1   2.619       0.000    
   13.5+    14 1  0.7734       0.000    
   13.5-    13 1   2.821       0.000    
   14.5+    14 1  0.8286       0.000    
   14.5-    15 1  0.2369       0.000    
   15.5+    16 1  0.7388E-01   0.000    
   15.5-    15 1  0.2527       0.000    
   16.5+    16 1  0.7850E-01   0.000    
   16.5-    17 1  0.2322E-01   0.000    
   17.5+    18 1  0.7316E-02   0.000    
   17.5-    17 1  0.2459E-01   0.000    
   18.5+    18 1  0.7723E-02   0.000    
   18.5-    19 1  0.2303E-02   0.000    
   19.5+    20 1  0.7236E-03   0.000    
   19.5-    19 1  0.2424E-02   0.000    
   20.5+    20 1  0.7597E-03   0.000    
   20.5-    21 1  0.2267E-03   0.000    
   21.5+    22 1  0.7085E-04   0.000    
   21.5-    21 1  0.2375E-03   0.000    
   22.5+    22 1  0.7407E-04   0.000    
   22.5-    23 1  0.2208E-04   0.000    
   23.5+    24 1  0.6863E-05   0.000    
   23.5-    23 1  0.2304E-04   0.000    
   24.5+    24 1  0.7149E-05   0.000    
   24.5-    25 1  0.2128E-05   0.000    
   25.5+    26 1  0.6584E-06   0.000    
   25.5-    25 1  0.2213E-05   0.000    
   26.5+    26 1  0.6837E-06   0.000    
   26.5-    27 1  0.2033E-06   0.000    
   27.5+    28 1  0.6264E-07   0.000    
   27.5-    27 1  0.2108E-06   0.000    
   28.5+    28 1  0.6487E-07   0.000    
   28.5-    29 1  0.1926E-07   0.000    
   29.5+    30 1  0.5914E-08   0.000    
   29.5-    29 1  0.1993E-07   0.000    
   30.5+    30 1  0.6111E-08   0.000    
   30.5-    31 1  0.1814E-08   0.000    
   31.5+    32 1  0.5541E-09   0.000    
   31.5-    31 1  0.1872E-08   0.000    
   32.5+    32 1  0.5714E-09   0.000    
   32.5-    33 1  0.1699E-09   0.000    
   33.5+    34 1  0.5197E-10   0.000    
   33.5-    33 1  0.1750E-09   0.000    
   34.5+    34 1  0.5360E-10   0.000    
   34.5-    35 1  0.1738E-10   0.000    
   35.5+    36 1  0.6353E-11   0.000    
   35.5-    35 1  0.1777E-10   0.000    
   36.5+    36 1  0.6751E-11   0.000    
   36.5-    37 1  0.1881E-11   0.000    
