# 0.10000
#    1  601    5    1
# Optical potential KP=  1: type,multipole =  0  0
    0.000  0.34135       0.0000    
    0.500  0.34066       0.0000    
    1.000  0.33853       0.0000    
    1.500  0.33498       0.0000    
    2.000  0.33001       0.0000    
    2.500  0.32361       0.0000    
    3.000  0.31579       0.0000    
    3.500  0.30656       0.0000    
    4.000  0.29590       0.0000    
    4.500  0.28382       0.0000    
    5.000  0.27031       0.0000    
    5.500  0.25539       0.0000    
    6.000  0.23905       0.0000    
    6.500  0.22153       0.0000    
    7.000  0.20571       0.0000    
    7.500  0.19200       0.0000    
    8.000  0.18000       0.0000    
    8.500  0.16941       0.0000    
    9.000  0.16000       0.0000    
    9.500  0.15158       0.0000    
   10.000  0.14400       0.0000    
   10.500  0.13714       0.0000    
   11.000  0.13091       0.0000    
   11.500  0.12521       0.0000    
   12.000  0.12000       0.0000    
   12.500  0.11520       0.0000    
   13.000  0.11077       0.0000    
   13.500  0.10666       0.0000    
   14.000  0.10285       0.0000    
   14.500  9.93079E-02   0.0000    
   15.000  9.59977E-02   0.0000    
   15.500  9.29010E-02   0.0000    
   16.000  8.99978E-02   0.0000    
   16.500  8.72706E-02   0.0000    
   17.000  8.47038E-02   0.0000    
   17.500  8.22837E-02   0.0000    
   18.000  7.99981E-02   0.0000    
   18.500  7.78360E-02   0.0000    
   19.000  7.57876E-02   0.0000    
   19.500  7.38444E-02   0.0000    
   20.000  7.19983E-02   0.0000    
   20.500  7.02422E-02   0.0000    
   21.000  6.85698E-02   0.0000    
   21.500  6.69751E-02   0.0000    
   22.000  6.54530E-02   0.0000    
   22.500  6.39985E-02   0.0000    
   23.000  6.26072E-02   0.0000    
   23.500  6.12751E-02   0.0000    
   24.000  5.99985E-02   0.0000    
   24.500  5.87741E-02   0.0000    
   25.000  5.75986E-02   0.0000    
   25.500  5.64692E-02   0.0000    
   26.000  5.53833E-02   0.0000    
   26.500  5.43383E-02   0.0000    
   27.000  5.33320E-02   0.0000    
   27.500  5.23624E-02   0.0000    
   28.000  5.14273E-02   0.0000    
   28.500  5.05251E-02   0.0000    
   29.000  4.96540E-02   0.0000    
   29.500  4.88124E-02   0.0000    
   30.000  4.79988E-02   0.0000    
   30.500  4.72120E-02   0.0000    
   31.000  4.64505E-02   0.0000    
   31.500  4.57132E-02   0.0000    
   32.000  4.49989E-02   0.0000    
   32.500  4.43066E-02   0.0000    
   33.000  4.36353E-02   0.0000    
   33.500  4.29840E-02   0.0000    
   34.000  4.23519E-02   0.0000    
   34.500  4.17381E-02   0.0000    
   35.000  4.11419E-02   0.0000    
   35.500  4.05624E-02   0.0000    
   36.000  3.99990E-02   0.0000    
   36.500  3.94511E-02   0.0000    
   37.000  3.89180E-02   0.0000    
   37.500  3.83991E-02   0.0000    
   38.000  3.78938E-02   0.0000    
   38.500  3.74017E-02   0.0000    
   39.000  3.69222E-02   0.0000    
   39.500  3.64548E-02   0.0000    
   40.000  3.59991E-02   0.0000    
   40.500  3.55547E-02   0.0000    
   41.000  3.51211E-02   0.0000    
   41.500  3.46980E-02   0.0000    
   42.000  3.42849E-02   0.0000    
   42.500  3.38815E-02   0.0000    
   43.000  3.34876E-02   0.0000    
   43.500  3.31026E-02   0.0000    
   44.000  3.27265E-02   0.0000    
   44.500  3.23588E-02   0.0000    
   45.000  3.19992E-02   0.0000    
   45.500  3.16476E-02   0.0000    
   46.000  3.13036E-02   0.0000    
   46.500  3.09670E-02   0.0000    
   47.000  3.06376E-02   0.0000    
   47.500  3.03151E-02   0.0000    
   48.000  2.99993E-02   0.0000    
   48.500  2.96900E-02   0.0000    
   49.000  2.93870E-02   0.0000    
   49.500  2.90902E-02   0.0000    
   50.000  2.87993E-02   0.0000    
   50.500  2.85142E-02   0.0000    
   51.000  2.82346E-02   0.0000    
   51.500  2.79605E-02   0.0000    
   52.000  2.76916E-02   0.0000    
   52.500  2.74279E-02   0.0000    
   53.000  2.71692E-02   0.0000    
   53.500  2.69152E-02   0.0000    
   54.000  2.66660E-02   0.0000    
   54.500  2.64214E-02   0.0000    
   55.000  2.61812E-02   0.0000    
   55.500  2.59453E-02   0.0000    
   56.000  2.57137E-02   0.0000    
   56.500  2.54861E-02   0.0000    
   57.000  2.52625E-02   0.0000    
   57.500  2.50429E-02   0.0000    
   58.000  2.48270E-02   0.0000    
   58.500  2.46148E-02   0.0000    
   59.000  2.44062E-02   0.0000    
   59.500  2.42011E-02   0.0000    
   60.000  2.39994E-02   0.0000    
 &
#    2  601    5    1
# Optical potential KP=  1: type,multipole =  1  0
    0.000  -39.997      -10.000    
    0.500  -39.995      -9.9999    
    1.000  -39.989      -9.9998    
    1.500  -39.976      -9.9994    
    2.000  -39.949      -9.9983    
    2.500  -39.889      -9.9953    
    3.000  -39.762      -9.9871    
    3.500  -39.490      -9.9651    
    4.000  -38.916      -9.9057    
    4.500  -37.731      -9.7478    
    5.000  -35.405      -9.3428    
    5.500  -31.248      -8.3948    
    6.000  -24.930      -6.5800    
    6.500  -17.357      -4.1445    
    7.000  -10.484      -2.0659    
    7.500  -5.6530     -0.87415    
    8.000  -2.8344     -0.34039    
    8.500  -1.3653     -0.12798    
    9.000 -0.64444     -4.74637E-02
    9.500 -0.30122     -1.75135E-02
   10.000 -0.14014     -6.44998E-03
   10.500 -6.50594E-02 -2.37378E-03
   11.000 -3.01729E-02 -8.73397E-04
   11.500 -1.39868E-02 -3.21322E-04
   12.000 -6.48229E-03 -1.18210E-04
   12.500 -3.00396E-03 -4.34875E-05
   13.000 -1.39200E-03 -1.59982E-05
   13.500 -6.45021E-04 -5.88541E-06
   14.000 -2.98885E-04 -2.16512E-06
   14.500 -1.38495E-04 -7.96504E-07
   15.000 -6.41744E-05 -2.93018E-07
   15.500 -2.97365E-05 -1.07795E-07
   16.000 -1.37790E-05 -3.96556E-08
   16.500 -6.38476E-06 -1.45885E-08
   17.000 -2.95850E-06 -5.36680E-09
   17.500 -1.37088E-06 -1.97434E-09
   18.000 -6.35223E-07 -7.26318E-10
   18.500 -2.94343E-07 -2.67197E-10
   19.000 -1.36390E-07 -9.82965E-11
   19.500 -6.31987E-08 -3.61612E-11
   20.000 -2.92844E-08 -1.33030E-11
   20.500 -1.35695E-08 -4.89389E-12
   21.000 -6.28768E-09 -1.80036E-12
   21.500 -2.91352E-09 -6.62316E-13
   22.000 -1.35003E-09 -2.43653E-13
   22.500 -6.25565E-10 -8.96348E-14
   23.000 -2.89868E-10 -3.29748E-14
   23.500 -1.34316E-10 -1.21307E-14
   24.000 -6.22378E-11 -4.46265E-15
   24.500 -2.88391E-11 -1.64172E-15
   25.000 -1.33631E-11 -6.03954E-16
   25.500 -6.19207E-12 -2.22182E-16
   26.000 -2.86922E-12 -8.17363E-17
   26.500 -1.32951E-12 -3.00691E-17
   27.000 -6.16053E-13 -1.10618E-17
   27.500 -2.85460E-13 -4.06941E-18
   28.000 -1.32273E-13 -1.49705E-18
   28.500 -6.12915E-14 -5.50735E-19
   29.000 -2.84006E-14 -2.02604E-19
   29.500 -1.31600E-14 -7.45339E-20
   30.000 -6.09792E-15 -2.74195E-20
   30.500 -2.82559E-15 -1.00871E-20
   31.000 -1.30929E-15 -3.71082E-21
   31.500 -6.06686E-16 -1.36514E-21
   32.000 -2.81120E-16 -5.02205E-22
   32.500 -1.30262E-16 -1.84751E-22
   33.000 -6.03595E-17 -6.79661E-23
   33.500 -2.79688E-17 -2.50033E-23
   34.000 -1.29599E-17 -9.19821E-24
   34.500 -6.00520E-18 -3.38383E-24
   35.000 -2.78263E-18 -1.24484E-24
   35.500 -1.28938E-18 -4.57952E-25
   36.000 -5.97461E-19 -1.68471E-25
   36.500 -2.76845E-19 -6.19771E-26
   37.000 -1.28282E-19 -2.28001E-26
   37.500 -5.94417E-20 -8.38768E-27
   38.000 -2.75435E-20 -3.08566E-27
   38.500 -1.27628E-20 -1.13515E-27
   39.000 -5.91389E-21 -4.17598E-28
   39.500 -2.74032E-21 -1.53626E-28
   40.000 -1.26978E-21 -5.65158E-29
   40.500 -5.88377E-22 -2.07910E-29
   41.000 -2.72636E-22 -7.64858E-30
   41.500 -1.26331E-22 -2.81375E-30
   42.000 -5.85379E-23 -1.03512E-30
   42.500 -2.71247E-23 -3.80800E-31
   43.000 -1.25687E-23 -1.40089E-31
   43.500 -5.82397E-24 -5.15357E-32
   44.000 -2.69865E-24 -2.67864E-32
   44.500 -1.25047E-24 -2.67864E-32
   45.000 -5.79430E-25 -2.67864E-32
   45.500 -2.68490E-25 -2.67864E-32
   46.000 -1.24410E-25 -2.67864E-32
   46.500 -5.76479E-26 -2.67864E-32
   47.000 -2.67122E-26 -2.67864E-32
   47.500 -1.23776E-26 -2.67864E-32
   48.000 -5.73542E-27 -2.67864E-32
   48.500 -2.65762E-27 -2.67864E-32
   49.000 -1.23146E-27 -2.67864E-32
   49.500 -5.70620E-28 -2.67864E-32
   50.000 -2.64408E-28 -2.67864E-32
   50.500 -1.22518E-28 -2.67864E-32
   51.000 -5.67713E-29 -2.67864E-32
   51.500 -2.63061E-29 -2.67864E-32
   52.000 -1.21894E-29 -2.67864E-32
   52.500 -5.64821E-30 -2.67864E-32
   53.000 -2.61721E-30 -2.67864E-32
   53.500 -1.21273E-30 -2.67864E-32
   54.000 -5.61944E-31 -2.67864E-32
   54.500 -2.60387E-31 -2.67864E-32
   55.000 -1.20656E-31 -2.67864E-32
   55.500 -1.07145E-31 -2.67864E-32
   56.000 -1.07145E-31 -2.67864E-32
   56.500 -1.07145E-31 -2.67864E-32
   57.000 -1.07145E-31 -2.67864E-32
   57.500 -1.07145E-31 -2.67864E-32
   58.000 -1.07145E-31 -2.67864E-32
   58.500 -1.07145E-31 -2.67864E-32
   59.000 -1.07145E-31 -2.67864E-32
   59.500   0.0000       0.0000    
   60.000   0.0000       0.0000    
 &
#    3  601    5    1
# Optical potential KP=  1: type,multipole =  2  0
    0.000   0.0000       0.0000    
    0.500   0.0000       0.0000    
    1.000   0.0000       0.0000    
    1.500   0.0000       0.0000    
    2.000   0.0000       0.0000    
    2.500   0.0000       0.0000    
    3.000   0.0000       0.0000    
    3.500   0.0000       0.0000    
    4.000   0.0000       0.0000    
    4.500   0.0000       0.0000    
    5.000   0.0000       0.0000    
    5.500   0.0000       0.0000    
    6.000   0.0000       0.0000    
    6.500   0.0000       0.0000    
    7.000   0.0000       0.0000    
    7.500   0.0000       0.0000    
    8.000   0.0000       0.0000    
    8.500   0.0000       0.0000    
    9.000   0.0000       0.0000    
    9.500   0.0000       0.0000    
   10.000   0.0000       0.0000    
   10.500   0.0000       0.0000    
   11.000   0.0000       0.0000    
   11.500   0.0000       0.0000    
   12.000   0.0000       0.0000    
   12.500   0.0000       0.0000    
   13.000   0.0000       0.0000    
   13.500   0.0000       0.0000    
   14.000   0.0000       0.0000    
   14.500   0.0000       0.0000    
   15.000   0.0000       0.0000    
   15.500   0.0000       0.0000    
   16.000   0.0000       0.0000    
   16.500   0.0000       0.0000    
   17.000   0.0000       0.0000    
   17.500   0.0000       0.0000    
   18.000   0.0000       0.0000    
   18.500   0.0000       0.0000    
   19.000   0.0000       0.0000    
   19.500   0.0000       0.0000    
   20.000   0.0000       0.0000    
   20.500   0.0000       0.0000    
   21.000   0.0000       0.0000    
   21.500   0.0000       0.0000    
   22.000   0.0000       0.0000    
   22.500   0.0000       0.0000    
   23.000   0.0000       0.0000    
   23.500   0.0000       0.0000    
   24.000   0.0000       0.0000    
   24.500   0.0000       0.0000    
   25.000   0.0000       0.0000    
   25.500   0.0000       0.0000    
   26.000   0.0000       0.0000    
   26.500   0.0000       0.0000    
   27.000   0.0000       0.0000    
   27.500   0.0000       0.0000    
   28.000   0.0000       0.0000    
   28.500   0.0000       0.0000    
   29.000   0.0000       0.0000    
   29.500   0.0000       0.0000    
   30.000   0.0000       0.0000    
   30.500   0.0000       0.0000    
   31.000   0.0000       0.0000    
   31.500   0.0000       0.0000    
   32.000   0.0000       0.0000    
   32.500   0.0000       0.0000    
   33.000   0.0000       0.0000    
   33.500   0.0000       0.0000    
   34.000   0.0000       0.0000    
   34.500   0.0000       0.0000    
   35.000   0.0000       0.0000    
   35.500   0.0000       0.0000    
   36.000   0.0000       0.0000    
   36.500   0.0000       0.0000    
   37.000   0.0000       0.0000    
   37.500   0.0000       0.0000    
   38.000   0.0000       0.0000    
   38.500   0.0000       0.0000    
   39.000   0.0000       0.0000    
   39.500   0.0000       0.0000    
   40.000   0.0000       0.0000    
   40.500   0.0000       0.0000    
   41.000   0.0000       0.0000    
   41.500   0.0000       0.0000    
   42.000   0.0000       0.0000    
   42.500   0.0000       0.0000    
   43.000   0.0000       0.0000    
   43.500   0.0000       0.0000    
   44.000   0.0000       0.0000    
   44.500   0.0000       0.0000    
   45.000   0.0000       0.0000    
   45.500   0.0000       0.0000    
   46.000   0.0000       0.0000    
   46.500   0.0000       0.0000    
   47.000   0.0000       0.0000    
   47.500   0.0000       0.0000    
   48.000   0.0000       0.0000    
   48.500   0.0000       0.0000    
   49.000   0.0000       0.0000    
   49.500   0.0000       0.0000    
   50.000   0.0000       0.0000    
   50.500   0.0000       0.0000    
   51.000   0.0000       0.0000    
   51.500   0.0000       0.0000    
   52.000   0.0000       0.0000    
   52.500   0.0000       0.0000    
   53.000   0.0000       0.0000    
   53.500   0.0000       0.0000    
   54.000   0.0000       0.0000    
   54.500   0.0000       0.0000    
   55.000   0.0000       0.0000    
   55.500   0.0000       0.0000    
   56.000   0.0000       0.0000    
   56.500   0.0000       0.0000    
   57.000   0.0000       0.0000    
   57.500   0.0000       0.0000    
   58.000   0.0000       0.0000    
   58.500   0.0000       0.0000    
   59.000   0.0000       0.0000    
   59.500   0.0000       0.0000    
   60.000   0.0000       0.0000    
 &
#    4  601    5    1
# Optical potential KP=  1: type,multipole =  3  0
    0.000   0.0000       0.0000    
    0.500   0.0000       0.0000    
    1.000   0.0000       0.0000    
    1.500   0.0000       0.0000    
    2.000   0.0000       0.0000    
    2.500   0.0000       0.0000    
    3.000   0.0000       0.0000    
    3.500   0.0000       0.0000    
    4.000   0.0000       0.0000    
    4.500   0.0000       0.0000    
    5.000   0.0000       0.0000    
    5.500   0.0000       0.0000    
    6.000   0.0000       0.0000    
    6.500   0.0000       0.0000    
    7.000   0.0000       0.0000    
    7.500   0.0000       0.0000    
    8.000   0.0000       0.0000    
    8.500   0.0000       0.0000    
    9.000   0.0000       0.0000    
    9.500   0.0000       0.0000    
   10.000   0.0000       0.0000    
   10.500   0.0000       0.0000    
   11.000   0.0000       0.0000    
   11.500   0.0000       0.0000    
   12.000   0.0000       0.0000    
   12.500   0.0000       0.0000    
   13.000   0.0000       0.0000    
   13.500   0.0000       0.0000    
   14.000   0.0000       0.0000    
   14.500   0.0000       0.0000    
   15.000   0.0000       0.0000    
   15.500   0.0000       0.0000    
   16.000   0.0000       0.0000    
   16.500   0.0000       0.0000    
   17.000   0.0000       0.0000    
   17.500   0.0000       0.0000    
   18.000   0.0000       0.0000    
   18.500   0.0000       0.0000    
   19.000   0.0000       0.0000    
   19.500   0.0000       0.0000    
   20.000   0.0000       0.0000    
   20.500   0.0000       0.0000    
   21.000   0.0000       0.0000    
   21.500   0.0000       0.0000    
   22.000   0.0000       0.0000    
   22.500   0.0000       0.0000    
   23.000   0.0000       0.0000    
   23.500   0.0000       0.0000    
   24.000   0.0000       0.0000    
   24.500   0.0000       0.0000    
   25.000   0.0000       0.0000    
   25.500   0.0000       0.0000    
   26.000   0.0000       0.0000    
   26.500   0.0000       0.0000    
   27.000   0.0000       0.0000    
   27.500   0.0000       0.0000    
   28.000   0.0000       0.0000    
   28.500   0.0000       0.0000    
   29.000   0.0000       0.0000    
   29.500   0.0000       0.0000    
   30.000   0.0000       0.0000    
   30.500   0.0000       0.0000    
   31.000   0.0000       0.0000    
   31.500   0.0000       0.0000    
   32.000   0.0000       0.0000    
   32.500   0.0000       0.0000    
   33.000   0.0000       0.0000    
   33.500   0.0000       0.0000    
   34.000   0.0000       0.0000    
   34.500   0.0000       0.0000    
   35.000   0.0000       0.0000    
   35.500   0.0000       0.0000    
   36.000   0.0000       0.0000    
   36.500   0.0000       0.0000    
   37.000   0.0000       0.0000    
   37.500   0.0000       0.0000    
   38.000   0.0000       0.0000    
   38.500   0.0000       0.0000    
   39.000   0.0000       0.0000    
   39.500   0.0000       0.0000    
   40.000   0.0000       0.0000    
   40.500   0.0000       0.0000    
   41.000   0.0000       0.0000    
   41.500   0.0000       0.0000    
   42.000   0.0000       0.0000    
   42.500   0.0000       0.0000    
   43.000   0.0000       0.0000    
   43.500   0.0000       0.0000    
   44.000   0.0000       0.0000    
   44.500   0.0000       0.0000    
   45.000   0.0000       0.0000    
   45.500   0.0000       0.0000    
   46.000   0.0000       0.0000    
   46.500   0.0000       0.0000    
   47.000   0.0000       0.0000    
   47.500   0.0000       0.0000    
   48.000   0.0000       0.0000    
   48.500   0.0000       0.0000    
   49.000   0.0000       0.0000    
   49.500   0.0000       0.0000    
   50.000   0.0000       0.0000    
   50.500   0.0000       0.0000    
   51.000   0.0000       0.0000    
   51.500   0.0000       0.0000    
   52.000   0.0000       0.0000    
   52.500   0.0000       0.0000    
   53.000   0.0000       0.0000    
   53.500   0.0000       0.0000    
   54.000   0.0000       0.0000    
   54.500   0.0000       0.0000    
   55.000   0.0000       0.0000    
   55.500   0.0000       0.0000    
   56.000   0.0000       0.0000    
   56.500   0.0000       0.0000    
   57.000   0.0000       0.0000    
   57.500   0.0000       0.0000    
   58.000   0.0000       0.0000    
   58.500   0.0000       0.0000    
   59.000   0.0000       0.0000    
   59.500   0.0000       0.0000    
   60.000   0.0000       0.0000    
 &
#    0    0    0    0
#    0.5  1    1 : J,pi,NCH
##   1 LJ:    0   0.5   0.5   0.0   1   1
#    1    1    3
#    1  2.800000E+01  0.000000E+00
#    2  1.000000E+00  0.000000E+00
#    3  1.000000E+00  0.000000E+00
#    0.0  0    0 : J,pi,NCH
#    0.5 -1    1 : J,pi,NCH
##   1 LJ:    1   0.5   0.5   0.0   1   1
#    1    1    4
#    1  2.800000E+01  0.000000E+00
#    2  1.000000E+00  0.000000E+00
#    3  1.000000E+00  0.000000E+00
#    4 -2.000000E+00  0.000000E+00
#    0.0  0    0 : J,pi,NCH
#    1.5  1    1 : J,pi,NCH
##   1 LJ:    2   1.5   0.5   0.0   1   1
#    1    1    4
#    1  2.800000E+01  0.000000E+00
#    2  1.000000E+00  0.000000E+00
#    3  1.000000E+00  0.000000E+00
#    4 -3.000000E+00  0.000000E+00
#    0.0  0    0 : J,pi,NCH
#    1.5 -1    1 : J,pi,NCH
##   1 LJ:    1   1.5   0.5   0.0   1   1
#    1    1    4
#    1  2.800000E+01  0.000000E+00
#    2  1.000000E+00  0.000000E+00
#    3  1.000000E+00  0.000000E+00
#    4  1.000000E+00  0.000000E+00
#    0.0  0    0 : J,pi,NCH
#    2.5  1    1 : J,pi,NCH
##   1 LJ:    2   2.5   0.5   0.0   1   1
#    1    1    4
#    1  2.800000E+01  0.000000E+00
#    2  1.000000E+00  0.000000E+00
#    3  1.000000E+00  0.000000E+00
#    4  2.000000E+00  0.000000E+00
#    0.0  0    0 : J,pi,NCH
#    2.5 -1    1 : J,pi,NCH
##   1 LJ:    3   2.5   0.5   0.0   1   1
#    1    1    4
#    1  2.800000E+01  0.000000E+00
#    2  1.000000E+00  0.000000E+00
#    3  1.000000E+00  0.000000E+00
#    4 -4.000000E+00  0.000000E+00
#    0.0  0    0 : J,pi,NCH
#    3.5  1    1 : J,pi,NCH
##   1 LJ:    4   3.5   0.5   0.0   1   1
#    1    1    4
#    1  2.800000E+01  0.000000E+00
#    2  1.000000E+00  0.000000E+00
#    3  1.000000E+00  0.000000E+00
#    4 -5.000000E+00  0.000000E+00
#    0.0  0    0 : J,pi,NCH
#    3.5 -1    1 : J,pi,NCH
##   1 LJ:    3   3.5   0.5   0.0   1   1
#    1    1    4
#    1  2.800000E+01  0.000000E+00
#    2  1.000000E+00  0.000000E+00
#    3  1.000000E+00  0.000000E+00
#    4  3.000000E+00  0.000000E+00
#    0.0  0    0 : J,pi,NCH
#    4.5  1    1 : J,pi,NCH
##   1 LJ:    4   4.5   0.5   0.0   1   1
#    1    1    4
#    1  2.800000E+01  0.000000E+00
#    2  1.000000E+00  0.000000E+00
#    3  1.000000E+00  0.000000E+00
#    4  4.000000E+00  0.000000E+00
#    0.0  0    0 : J,pi,NCH
#    4.5 -1    1 : J,pi,NCH
##   1 LJ:    5   4.5   0.5   0.0   1   1
#    1    1    4
#    1  2.800000E+01  0.000000E+00
#    2  1.000000E+00  0.000000E+00
#    3  1.000000E+00  0.000000E+00
#    4 -6.000000E+00  0.000000E+00
#    0.0  0    0 : J,pi,NCH
#    5.5  1    1 : J,pi,NCH
##   1 LJ:    6   5.5   0.5   0.0   1   1
#    1    1    4
#    1  2.800000E+01  0.000000E+00
#    2  1.000000E+00  0.000000E+00
#    3  1.000000E+00  0.000000E+00
#    4 -7.000000E+00  0.000000E+00
#    0.0  0    0 : J,pi,NCH
#    5.5 -1    1 : J,pi,NCH
##   1 LJ:    5   5.5   0.5   0.0   1   1
#    1    1    4
#    1  2.800000E+01  0.000000E+00
#    2  1.000000E+00  0.000000E+00
#    3  1.000000E+00  0.000000E+00
#    4  5.000000E+00  0.000000E+00
#    0.0  0    0 : J,pi,NCH
#    6.5  1    1 : J,pi,NCH
##   1 LJ:    6   6.5   0.5   0.0   1   1
#    1    1    4
#    1  2.800000E+01  0.000000E+00
#    2  1.000000E+00  0.000000E+00
#    3  1.000000E+00  0.000000E+00
#    4  6.000000E+00  0.000000E+00
#    0.0  0    0 : J,pi,NCH
#    6.5 -1    1 : J,pi,NCH
##   1 LJ:    7   6.5   0.5   0.0   1   1
#    1    1    4
#    1  2.800000E+01  0.000000E+00
#    2  1.000000E+00  0.000000E+00
#    3  1.000000E+00  0.000000E+00
#    4 -8.000000E+00  0.000000E+00
#    0.0  0    0 : J,pi,NCH
#    7.5  1    1 : J,pi,NCH
##   1 LJ:    8   7.5   0.5   0.0   1   1
#    1    1    4
#    1  2.800000E+01  0.000000E+00
#    2  1.000000E+00  0.000000E+00
#    3  1.000000E+00  0.000000E+00
#    4 -9.000000E+00  0.000000E+00
#    0.0  0    0 : J,pi,NCH
#    7.5 -1    1 : J,pi,NCH
##   1 LJ:    7   7.5   0.5   0.0   1   1
#    1    1    4
#    1  2.800000E+01  0.000000E+00
#    2  1.000000E+00  0.000000E+00
#    3  1.000000E+00  0.000000E+00
#    4  7.000000E+00  0.000000E+00
#    0.0  0    0 : J,pi,NCH
#    8.5  1    1 : J,pi,NCH
##   1 LJ:    8   8.5   0.5   0.0   1   1
#    1    1    4
#    1  2.800000E+01  0.000000E+00
#    2  1.000000E+00  0.000000E+00
#    3  1.000000E+00  0.000000E+00
#    4  8.000000E+00  0.000000E+00
#    0.0  0    0 : J,pi,NCH
#    8.5 -1    1 : J,pi,NCH
##   1 LJ:    9   8.5   0.5   0.0   1   1
#    1    1    4
#    1  2.800000E+01  0.000000E+00
#    2  1.000000E+00  0.000000E+00
#    3  1.000000E+00  0.000000E+00
#    4 -1.000000E+01  0.000000E+00
#    0.0  0    0 : J,pi,NCH
#    9.5  1    1 : J,pi,NCH
##   1 LJ:   10   9.5   0.5   0.0   1   1
#    1    1    4
#    1  2.800000E+01  0.000000E+00
#    2  1.000000E+00  0.000000E+00
#    3  1.000000E+00  0.000000E+00
#    4 -1.100000E+01  0.000000E+00
#    0.0  0    0 : J,pi,NCH
#    9.5 -1    1 : J,pi,NCH
##   1 LJ:    9   9.5   0.5   0.0   1   1
#    1    1    4
#    1  2.800000E+01  0.000000E+00
#    2  1.000000E+00  0.000000E+00
#    3  1.000000E+00  0.000000E+00
#    4  9.000000E+00  0.000000E+00
#    0.0  0    0 : J,pi,NCH
#   10.5  1    1 : J,pi,NCH
##   1 LJ:   10  10.5   0.5   0.0   1   1
#    1    1    4
#    1  2.800000E+01  0.000000E+00
#    2  1.000000E+00  0.000000E+00
#    3  1.000000E+00  0.000000E+00
#    4  1.000000E+01  0.000000E+00
#    0.0  0    0 : J,pi,NCH
#   10.5 -1    1 : J,pi,NCH
##   1 LJ:   11  10.5   0.5   0.0   1   1
#    1    1    4
#    1  2.800000E+01  0.000000E+00
#    2  1.000000E+00  0.000000E+00
#    3  1.000000E+00  0.000000E+00
#    4 -1.200000E+01  0.000000E+00
#    0.0  0    0 : J,pi,NCH
#   11.5  1    1 : J,pi,NCH
##   1 LJ:   12  11.5   0.5   0.0   1   1
#    1    1    4
#    1  2.800000E+01  0.000000E+00
#    2  1.000000E+00  0.000000E+00
#    3  1.000000E+00  0.000000E+00
#    4 -1.300000E+01  0.000000E+00
#    0.0  0    0 : J,pi,NCH
#   11.5 -1    1 : J,pi,NCH
##   1 LJ:   11  11.5   0.5   0.0   1   1
#    1    1    4
#    1  2.800000E+01  0.000000E+00
#    2  1.000000E+00  0.000000E+00
#    3  1.000000E+00  0.000000E+00
#    4  1.100000E+01  0.000000E+00
#    0.0  0    0 : J,pi,NCH
#   12.5  1    1 : J,pi,NCH
##   1 LJ:   12  12.5   0.5   0.0   1   1
#    1    1    4
#    1  2.800000E+01  0.000000E+00
#    2  1.000000E+00  0.000000E+00
#    3  1.000000E+00  0.000000E+00
#    4  1.200000E+01  0.000000E+00
#    0.0  0    0 : J,pi,NCH
#   12.5 -1    1 : J,pi,NCH
##   1 LJ:   13  12.5   0.5   0.0   1   1
#    1    1    4
#    1  2.800000E+01  0.000000E+00
#    2  1.000000E+00  0.000000E+00
#    3  1.000000E+00  0.000000E+00
#    4 -1.400000E+01  0.000000E+00
#    0.0  0    0 : J,pi,NCH
#   13.5  1    1 : J,pi,NCH
##   1 LJ:   14  13.5   0.5   0.0   1   1
#    1    1    4
#    1  2.800000E+01  0.000000E+00
#    2  1.000000E+00  0.000000E+00
#    3  1.000000E+00  0.000000E+00
#    4 -1.500000E+01  0.000000E+00
#    0.0  0    0 : J,pi,NCH
#   13.5 -1    1 : J,pi,NCH
##   1 LJ:   13  13.5   0.5   0.0   1   1
#    1    1    4
#    1  2.800000E+01  0.000000E+00
#    2  1.000000E+00  0.000000E+00
#    3  1.000000E+00  0.000000E+00
#    4  1.300000E+01  0.000000E+00
#    0.0  0    0 : J,pi,NCH
#   14.5  1    1 : J,pi,NCH
##   1 LJ:   14  14.5   0.5   0.0   1   1
#    1    1    4
#    1  2.800000E+01  0.000000E+00
#    2  1.000000E+00  0.000000E+00
#    3  1.000000E+00  0.000000E+00
#    4  1.400000E+01  0.000000E+00
#    0.0  0    0 : J,pi,NCH
#   14.5 -1    1 : J,pi,NCH
##   1 LJ:   15  14.5   0.5   0.0   1   1
#    1    1    4
#    1  2.800000E+01  0.000000E+00
#    2  1.000000E+00  0.000000E+00
#    3  1.000000E+00  0.000000E+00
#    4 -1.600000E+01  0.000000E+00
#    0.0  0    0 : J,pi,NCH
#   15.5  1    1 : J,pi,NCH
##   1 LJ:   16  15.5   0.5   0.0   1   1
#    1    1    4
#    1  2.800000E+01  0.000000E+00
#    2  1.000000E+00  0.000000E+00
#    3  1.000000E+00  0.000000E+00
#    4 -1.700000E+01  0.000000E+00
#    0.0  0    0 : J,pi,NCH
#   15.5 -1    1 : J,pi,NCH
##   1 LJ:   15  15.5   0.5   0.0   1   1
#    1    1    4
#    1  2.800000E+01  0.000000E+00
#    2  1.000000E+00  0.000000E+00
#    3  1.000000E+00  0.000000E+00
#    4  1.500000E+01  0.000000E+00
#    0.0  0    0 : J,pi,NCH
#   16.5  1    1 : J,pi,NCH
##   1 LJ:   16  16.5   0.5   0.0   1   1
#    1    1    4
#    1  2.800000E+01  0.000000E+00
#    2  1.000000E+00  0.000000E+00
#    3  1.000000E+00  0.000000E+00
#    4  1.600000E+01  0.000000E+00
#    0.0  0    0 : J,pi,NCH
#   16.5 -1    1 : J,pi,NCH
##   1 LJ:   17  16.5   0.5   0.0   1   1
#    1    1    4
#    1  2.800000E+01  0.000000E+00
#    2  1.000000E+00  0.000000E+00
#    3  1.000000E+00  0.000000E+00
#    4 -1.800000E+01  0.000000E+00
#    0.0  0    0 : J,pi,NCH
#   17.5  1    1 : J,pi,NCH
##   1 LJ:   18  17.5   0.5   0.0   1   1
#    1    1    4
#    1  2.800000E+01  0.000000E+00
#    2  1.000000E+00  0.000000E+00
#    3  1.000000E+00  0.000000E+00
#    4 -1.900000E+01  0.000000E+00
#    0.0  0    0 : J,pi,NCH
#   17.5 -1    1 : J,pi,NCH
##   1 LJ:   17  17.5   0.5   0.0   1   1
#    1    1    4
#    1  2.800000E+01  0.000000E+00
#    2  1.000000E+00  0.000000E+00
#    3  1.000000E+00  0.000000E+00
#    4  1.700000E+01  0.000000E+00
#    0.0  0    0 : J,pi,NCH
#   18.5  1    1 : J,pi,NCH
##   1 LJ:   18  18.5   0.5   0.0   1   1
#    1    1    4
#    1  2.800000E+01  0.000000E+00
#    2  1.000000E+00  0.000000E+00
#    3  1.000000E+00  0.000000E+00
#    4  1.800000E+01  0.000000E+00
#    0.0  0    0 : J,pi,NCH
#   18.5 -1    1 : J,pi,NCH
##   1 LJ:   19  18.5   0.5   0.0   1   1
#    1    1    4
#    1  2.800000E+01  0.000000E+00
#    2  1.000000E+00  0.000000E+00
#    3  1.000000E+00  0.000000E+00
#    4 -2.000000E+01  0.000000E+00
#    0.0  0    0 : J,pi,NCH
#   19.5  1    1 : J,pi,NCH
##   1 LJ:   20  19.5   0.5   0.0   1   1
#    1    1    4
#    1  2.800000E+01  0.000000E+00
#    2  1.000000E+00  0.000000E+00
#    3  1.000000E+00  0.000000E+00
#    4 -2.100000E+01  0.000000E+00
#    0.0  0    0 : J,pi,NCH
#   19.5 -1    1 : J,pi,NCH
##   1 LJ:   19  19.5   0.5   0.0   1   1
#    1    1    4
#    1  2.800000E+01  0.000000E+00
#    2  1.000000E+00  0.000000E+00
#    3  1.000000E+00  0.000000E+00
#    4  1.900000E+01  0.000000E+00
#    0.0  0    0 : J,pi,NCH
#   20.5  1    1 : J,pi,NCH
##   1 LJ:   20  20.5   0.5   0.0   1   1
#    1    1    4
#    1  2.800000E+01  0.000000E+00
#    2  1.000000E+00  0.000000E+00
#    3  1.000000E+00  0.000000E+00
#    4  2.000000E+01  0.000000E+00
#    0.0  0    0 : J,pi,NCH
#   20.5 -1    1 : J,pi,NCH
##   1 LJ:   21  20.5   0.5   0.0   1   1
#    1    1    4
#    1  2.800000E+01  0.000000E+00
#    2  1.000000E+00  0.000000E+00
#    3  1.000000E+00  0.000000E+00
#    4 -2.200000E+01  0.000000E+00
#    0.0  0    0 : J,pi,NCH
#   21.5  1    1 : J,pi,NCH
##   1 LJ:   22  21.5   0.5   0.0   1   1
#    1    1    4
#    1  2.800000E+01  0.000000E+00
#    2  1.000000E+00  0.000000E+00
#    3  1.000000E+00  0.000000E+00
#    4 -2.300000E+01  0.000000E+00
#    0.0  0    0 : J,pi,NCH
#   21.5 -1    1 : J,pi,NCH
##   1 LJ:   21  21.5   0.5   0.0   1   1
#    1    1    4
#    1  2.800000E+01  0.000000E+00
#    2  1.000000E+00  0.000000E+00
#    3  1.000000E+00  0.000000E+00
#    4  2.100000E+01  0.000000E+00
#    0.0  0    0 : J,pi,NCH
#   22.5  1    1 : J,pi,NCH
##   1 LJ:   22  22.5   0.5   0.0   1   1
#    1    1    4
#    1  2.800000E+01  0.000000E+00
#    2  1.000000E+00  0.000000E+00
#    3  1.000000E+00  0.000000E+00
#    4  2.200000E+01  0.000000E+00
#    0.0  0    0 : J,pi,NCH
#   22.5 -1    1 : J,pi,NCH
##   1 LJ:   23  22.5   0.5   0.0   1   1
#    1    1    4
#    1  2.800000E+01  0.000000E+00
#    2  1.000000E+00  0.000000E+00
#    3  1.000000E+00  0.000000E+00
#    4 -2.400000E+01  0.000000E+00
#    0.0  0    0 : J,pi,NCH
#   23.5  1    1 : J,pi,NCH
##   1 LJ:   24  23.5   0.5   0.0   1   1
#    1    1    4
#    1  2.800000E+01  0.000000E+00
#    2  1.000000E+00  0.000000E+00
#    3  1.000000E+00  0.000000E+00
#    4 -2.500000E+01  0.000000E+00
#    0.0  0    0 : J,pi,NCH
#   23.5 -1    1 : J,pi,NCH
##   1 LJ:   23  23.5   0.5   0.0   1   1
#    1    1    4
#    1  2.800000E+01  0.000000E+00
#    2  1.000000E+00  0.000000E+00
#    3  1.000000E+00  0.000000E+00
#    4  2.300000E+01  0.000000E+00
#    0.0  0    0 : J,pi,NCH
#   24.5  1    1 : J,pi,NCH
##   1 LJ:   24  24.5   0.5   0.0   1   1
#    1    1    4
#    1  2.800000E+01  0.000000E+00
#    2  1.000000E+00  0.000000E+00
#    3  1.000000E+00  0.000000E+00
#    4  2.400000E+01  0.000000E+00
#    0.0  0    0 : J,pi,NCH
#   24.5 -1    1 : J,pi,NCH
##   1 LJ:   25  24.5   0.5   0.0   1   1
#    1    1    4
#    1  2.800000E+01  0.000000E+00
#    2  1.000000E+00  0.000000E+00
#    3  1.000000E+00  0.000000E+00
#    4 -2.600000E+01  0.000000E+00
#    0.0  0    0 : J,pi,NCH
#   25.5  1    1 : J,pi,NCH
##   1 LJ:   26  25.5   0.5   0.0   1   1
#    1    1    4
#    1  2.800000E+01  0.000000E+00
#    2  1.000000E+00  0.000000E+00
#    3  1.000000E+00  0.000000E+00
#    4 -2.700000E+01  0.000000E+00
#    0.0  0    0 : J,pi,NCH
#   25.5 -1    1 : J,pi,NCH
##   1 LJ:   25  25.5   0.5   0.0   1   1
#    1    1    4
#    1  2.800000E+01  0.000000E+00
#    2  1.000000E+00  0.000000E+00
#    3  1.000000E+00  0.000000E+00
#    4  2.500000E+01  0.000000E+00
#    0.0  0    0 : J,pi,NCH
#   26.5  1    1 : J,pi,NCH
##   1 LJ:   26  26.5   0.5   0.0   1   1
#    1    1    4
#    1  2.800000E+01  0.000000E+00
#    2  1.000000E+00  0.000000E+00
#    3  1.000000E+00  0.000000E+00
#    4  2.600000E+01  0.000000E+00
#    0.0  0    0 : J,pi,NCH
#   26.5 -1    1 : J,pi,NCH
##   1 LJ:   27  26.5   0.5   0.0   1   1
#    1    1    4
#    1  2.800000E+01  0.000000E+00
#    2  1.000000E+00  0.000000E+00
#    3  1.000000E+00  0.000000E+00
#    4 -2.800000E+01  0.000000E+00
#    0.0  0    0 : J,pi,NCH
#   27.5  1    1 : J,pi,NCH
##   1 LJ:   28  27.5   0.5   0.0   1   1
#    1    1    4
#    1  2.800000E+01  0.000000E+00
#    2  1.000000E+00  0.000000E+00
#    3  1.000000E+00  0.000000E+00
#    4 -2.900000E+01  0.000000E+00
#    0.0  0    0 : J,pi,NCH
#   27.5 -1    1 : J,pi,NCH
##   1 LJ:   27  27.5   0.5   0.0   1   1
#    1    1    4
#    1  2.800000E+01  0.000000E+00
#    2  1.000000E+00  0.000000E+00
#    3  1.000000E+00  0.000000E+00
#    4  2.700000E+01  0.000000E+00
#    0.0  0    0 : J,pi,NCH
#   28.5  1    1 : J,pi,NCH
##   1 LJ:   28  28.5   0.5   0.0   1   1
#    1    1    4
#    1  2.800000E+01  0.000000E+00
#    2  1.000000E+00  0.000000E+00
#    3  1.000000E+00  0.000000E+00
#    4  2.800000E+01  0.000000E+00
#    0.0  0    0 : J,pi,NCH
#   28.5 -1    1 : J,pi,NCH
##   1 LJ:   29  28.5   0.5   0.0   1   1
#    1    1    4
#    1  2.800000E+01  0.000000E+00
#    2  1.000000E+00  0.000000E+00
#    3  1.000000E+00  0.000000E+00
#    4 -3.000000E+01  0.000000E+00
#    0.0  0    0 : J,pi,NCH
#   29.5  1    1 : J,pi,NCH
##   1 LJ:   30  29.5   0.5   0.0   1   1
#    1    1    4
#    1  2.800000E+01  0.000000E+00
#    2  1.000000E+00  0.000000E+00
#    3  1.000000E+00  0.000000E+00
#    4 -3.100000E+01  0.000000E+00
#    0.0  0    0 : J,pi,NCH
#   29.5 -1    1 : J,pi,NCH
##   1 LJ:   29  29.5   0.5   0.0   1   1
#    1    1    4
#    1  2.800000E+01  0.000000E+00
#    2  1.000000E+00  0.000000E+00
#    3  1.000000E+00  0.000000E+00
#    4  2.900000E+01  0.000000E+00
#    0.0  0    0 : J,pi,NCH
#   30.5  1    1 : J,pi,NCH
##   1 LJ:   30  30.5   0.5   0.0   1   1
#    1    1    4
#    1  2.800000E+01  0.000000E+00
#    2  1.000000E+00  0.000000E+00
#    3  1.000000E+00  0.000000E+00
#    4  3.000000E+01  0.000000E+00
#    0.0  0    0 : J,pi,NCH
#   30.5 -1    1 : J,pi,NCH
##   1 LJ:   31  30.5   0.5   0.0   1   1
#    1    1    4
#    1  2.800000E+01  0.000000E+00
#    2  1.000000E+00  0.000000E+00
#    3  1.000000E+00  0.000000E+00
#    4 -3.200000E+01  0.000000E+00
#    0.0  0    0 : J,pi,NCH
#   31.5  1    1 : J,pi,NCH
##   1 LJ:   32  31.5   0.5   0.0   1   1
#    1    1    4
#    1  2.800000E+01  0.000000E+00
#    2  1.000000E+00  0.000000E+00
#    3  1.000000E+00  0.000000E+00
#    4 -3.300000E+01  0.000000E+00
#    0.0  0    0 : J,pi,NCH
#   31.5 -1    1 : J,pi,NCH
##   1 LJ:   31  31.5   0.5   0.0   1   1
#    1    1    4
#    1  2.800000E+01  0.000000E+00
#    2  1.000000E+00  0.000000E+00
#    3  1.000000E+00  0.000000E+00
#    4  3.100000E+01  0.000000E+00
#    0.0  0    0 : J,pi,NCH
#   32.5  1    1 : J,pi,NCH
##   1 LJ:   32  32.5   0.5   0.0   1   1
#    1    1    4
#    1  2.800000E+01  0.000000E+00
#    2  1.000000E+00  0.000000E+00
#    3  1.000000E+00  0.000000E+00
#    4  3.200000E+01  0.000000E+00
#    0.0  0    0 : J,pi,NCH
#   32.5 -1    1 : J,pi,NCH
##   1 LJ:   33  32.5   0.5   0.0   1   1
#    1    1    4
#    1  2.800000E+01  0.000000E+00
#    2  1.000000E+00  0.000000E+00
#    3  1.000000E+00  0.000000E+00
#    4 -3.400000E+01  0.000000E+00
#    0.0  0    0 : J,pi,NCH
#   33.5  1    1 : J,pi,NCH
##   1 LJ:   34  33.5   0.5   0.0   1   1
#    1    1    4
#    1  2.800000E+01  0.000000E+00
#    2  1.000000E+00  0.000000E+00
#    3  1.000000E+00  0.000000E+00
#    4 -3.500000E+01  0.000000E+00
#    0.0  0    0 : J,pi,NCH
#   33.5 -1    1 : J,pi,NCH
##   1 LJ:   33  33.5   0.5   0.0   1   1
#    1    1    4
#    1  2.800000E+01  0.000000E+00
#    2  1.000000E+00  0.000000E+00
#    3  1.000000E+00  0.000000E+00
#    4  3.300000E+01  0.000000E+00
#    0.0  0    0 : J,pi,NCH
#   34.5  1    1 : J,pi,NCH
##   1 LJ:   34  34.5   0.5   0.0   1   1
#    1    1    4
#    1  2.800000E+01  0.000000E+00
#    2  1.000000E+00  0.000000E+00
#    3  1.000000E+00  0.000000E+00
#    4  3.400000E+01  0.000000E+00
#    0.0  0    0 : J,pi,NCH
#   34.5 -1    1 : J,pi,NCH
##   1 LJ:   35  34.5   0.5   0.0   1   1
#    1    1    4
#    1  2.800000E+01  0.000000E+00
#    2  1.000000E+00  0.000000E+00
#    3  1.000000E+00  0.000000E+00
#    4 -3.600000E+01  0.000000E+00
#    0.0  0    0 : J,pi,NCH
#   35.5  1    1 : J,pi,NCH
##   1 LJ:   36  35.5   0.5   0.0   1   1
#    1    1    4
#    1  2.800000E+01  0.000000E+00
#    2  1.000000E+00  0.000000E+00
#    3  1.000000E+00  0.000000E+00
#    4 -3.700000E+01  0.000000E+00
#    0.0  0    0 : J,pi,NCH
#   35.5 -1    1 : J,pi,NCH
##   1 LJ:   35  35.5   0.5   0.0   1   1
#    1    1    4
#    1  2.800000E+01  0.000000E+00
#    2  1.000000E+00  0.000000E+00
#    3  1.000000E+00  0.000000E+00
#    4  3.500000E+01  0.000000E+00
#    0.0  0    0 : J,pi,NCH
#   36.5  1    1 : J,pi,NCH
##   1 LJ:   36  36.5   0.5   0.0   1   1
#    1    1    4
#    1  2.800000E+01  0.000000E+00
#    2  1.000000E+00  0.000000E+00
#    3  1.000000E+00  0.000000E+00
#    4  3.600000E+01  0.000000E+00
#    0.0  0    0 : J,pi,NCH
#   36.5 -1    1 : J,pi,NCH
##   1 LJ:   37  36.5   0.5   0.0   1   1
#    1    1    4
#    1  2.800000E+01  0.000000E+00
#    2  1.000000E+00  0.000000E+00
#    3  1.000000E+00  0.000000E+00
#    4 -3.800000E+01  0.000000E+00
#    0.0  0    0 : J,pi,NCH
