# Potential at   1: KP=  1 of type  0 and multipole =  0
   0.000   4.642678E-01   0.000000E+00
   0.050   4.642678E-01   0.000000E+00
   0.100   4.642141E-01   0.000000E+00
   0.150   4.641248E-01   0.000000E+00
   0.200   4.639996E-01   0.000000E+00
   0.250   4.638387E-01   0.000000E+00
   0.300   4.636421E-01   0.000000E+00
   0.350   4.634097E-01   0.000000E+00
   0.400   4.631415E-01   0.000000E+00
   0.450   4.628376E-01   0.000000E+00
   0.500   4.624980E-01   0.000000E+00
   0.550   4.621226E-01   0.000000E+00
   0.600   4.617114E-01   0.000000E+00
   0.650   4.612645E-01   0.000000E+00
   0.700   4.607818E-01   0.000000E+00
   0.750   4.602634E-01   0.000000E+00
   0.800   4.597092E-01   0.000000E+00
   0.850   4.591193E-01   0.000000E+00
   0.900   4.584936E-01   0.000000E+00
   0.950   4.578322E-01   0.000000E+00
   1.000   4.571350E-01   0.000000E+00
   1.050   4.564020E-01   0.000000E+00
   1.100   4.556333E-01   0.000000E+00
   1.150   4.548289E-01   0.000000E+00
   1.200   4.539887E-01   0.000000E+00
   1.250   4.531127E-01   0.000000E+00
   1.300   4.522010E-01   0.000000E+00
   1.350   4.512535E-01   0.000000E+00
   1.400   4.502703E-01   0.000000E+00
   1.450   4.492513E-01   0.000000E+00
   1.500   4.481966E-01   0.000000E+00
   1.550   4.471061E-01   0.000000E+00
   1.600   4.459799E-01   0.000000E+00
   1.650   4.448179E-01   0.000000E+00
   1.700   4.436202E-01   0.000000E+00
   1.750   4.423867E-01   0.000000E+00
   1.800   4.411174E-01   0.000000E+00
   1.850   4.398124E-01   0.000000E+00
   1.900   4.384717E-01   0.000000E+00
   1.950   4.370951E-01   0.000000E+00
   2.000   4.356829E-01   0.000000E+00
   2.050   4.342349E-01   0.000000E+00
   2.100   4.327511E-01   0.000000E+00
   2.150   4.312316E-01   0.000000E+00
   2.200   4.296763E-01   0.000000E+00
   2.250   4.280853E-01   0.000000E+00
   2.300   4.264585E-01   0.000000E+00
   2.350   4.247960E-01   0.000000E+00
   2.400   4.230977E-01   0.000000E+00
   2.450   4.213636E-01   0.000000E+00
   2.500   4.195938E-01   0.000000E+00
   2.550   4.177883E-01   0.000000E+00
   2.600   4.159470E-01   0.000000E+00
   2.650   4.140699E-01   0.000000E+00
   2.700   4.121571E-01   0.000000E+00
   2.750   4.102085E-01   0.000000E+00
   2.800   4.082242E-01   0.000000E+00
   2.850   4.062042E-01   0.000000E+00
   2.900   4.041483E-01   0.000000E+00
   2.950   4.020568E-01   0.000000E+00
   3.000   3.999294E-01   0.000000E+00
   3.050   3.977663E-01   0.000000E+00
   3.100   3.955675E-01   0.000000E+00
   3.150   3.933329E-01   0.000000E+00
   3.200   3.910626E-01   0.000000E+00
   3.250   3.887565E-01   0.000000E+00
   3.300   3.864146E-01   0.000000E+00
   3.350   3.840370E-01   0.000000E+00
   3.400   3.816237E-01   0.000000E+00
   3.450   3.791745E-01   0.000000E+00
   3.500   3.766897E-01   0.000000E+00
   3.550   3.741691E-01   0.000000E+00
   3.600   3.716127E-01   0.000000E+00
   3.650   3.690206E-01   0.000000E+00
   3.700   3.663927E-01   0.000000E+00
   3.750   3.637291E-01   0.000000E+00
   3.800   3.610297E-01   0.000000E+00
   3.850   3.582945E-01   0.000000E+00
   3.900   3.555236E-01   0.000000E+00
   3.950   3.527170E-01   0.000000E+00
   4.000   3.498746E-01   0.000000E+00
   4.050   3.469964E-01   0.000000E+00
   4.100   3.440825E-01   0.000000E+00
   4.150   3.411329E-01   0.000000E+00
   4.200   3.381475E-01   0.000000E+00
   4.250   3.351263E-01   0.000000E+00
   4.300   3.320694E-01   0.000000E+00
   4.350   3.289767E-01   0.000000E+00
   4.400   3.258483E-01   0.000000E+00
   4.450   3.226841E-01   0.000000E+00
   4.500   3.194841E-01   0.000000E+00
   4.550   3.162485E-01   0.000000E+00
   4.600   3.129770E-01   0.000000E+00
   4.650   3.096698E-01   0.000000E+00
   4.700   3.063756E-01   0.000000E+00
   4.750   3.031506E-01   0.000000E+00
   4.800   2.999927E-01   0.000000E+00
   4.850   2.969000E-01   0.000000E+00
   4.900   2.938704E-01   0.000000E+00
   4.950   2.909021E-01   0.000000E+00
   5.000   2.879930E-01   0.000000E+00
   5.050   2.851416E-01   0.000000E+00
   5.100   2.823461E-01   0.000000E+00
   5.150   2.796049E-01   0.000000E+00
   5.200   2.769164E-01   0.000000E+00
   5.250   2.742791E-01   0.000000E+00
   5.300   2.716915E-01   0.000000E+00
   5.350   2.691524E-01   0.000000E+00
   5.400   2.666602E-01   0.000000E+00
   5.450   2.642138E-01   0.000000E+00
   5.500   2.618118E-01   0.000000E+00
   5.550   2.594532E-01   0.000000E+00
   5.600   2.571366E-01   0.000000E+00
   5.650   2.548611E-01   0.000000E+00
   5.700   2.526255E-01   0.000000E+00
   5.750   2.504287E-01   0.000000E+00
   5.800   2.482699E-01   0.000000E+00
   5.850   2.461479E-01   0.000000E+00
   5.900   2.440619E-01   0.000000E+00
   5.950   2.420109E-01   0.000000E+00
   6.000   2.399942E-01   0.000000E+00
   6.050   2.380108E-01   0.000000E+00
   6.100   2.360599E-01   0.000000E+00
   6.150   2.341407E-01   0.000000E+00
   6.200   2.322524E-01   0.000000E+00
   6.250   2.303944E-01   0.000000E+00
   6.300   2.285659E-01   0.000000E+00
   6.350   2.267662E-01   0.000000E+00
   6.400   2.249946E-01   0.000000E+00
   6.450   2.232504E-01   0.000000E+00
   6.500   2.215331E-01   0.000000E+00
   6.550   2.198420E-01   0.000000E+00
   6.600   2.181765E-01   0.000000E+00
   6.650   2.165361E-01   0.000000E+00
   6.700   2.149202E-01   0.000000E+00
   6.750   2.133282E-01   0.000000E+00
   6.800   2.117596E-01   0.000000E+00
   6.850   2.102139E-01   0.000000E+00
   6.900   2.086906E-01   0.000000E+00
   6.950   2.071892E-01   0.000000E+00
   7.000   2.057093E-01   0.000000E+00
   7.050   2.042504E-01   0.000000E+00
   7.100   2.028120E-01   0.000000E+00
   7.150   2.013937E-01   0.000000E+00
   7.200   1.999952E-01   0.000000E+00
   7.250   1.986159E-01   0.000000E+00
   7.300   1.972555E-01   0.000000E+00
   7.350   1.959136E-01   0.000000E+00
   7.400   1.945899E-01   0.000000E+00
   7.450   1.932839E-01   0.000000E+00
   7.500   1.919954E-01   0.000000E+00
   7.550   1.907239E-01   0.000000E+00
   7.600   1.894691E-01   0.000000E+00
   7.650   1.882307E-01   0.000000E+00
   7.700   1.870085E-01   0.000000E+00
   7.750   1.858020E-01   0.000000E+00
   7.800   1.846109E-01   0.000000E+00
   7.850   1.834351E-01   0.000000E+00
   7.900   1.822741E-01   0.000000E+00
   7.950   1.811277E-01   0.000000E+00
   8.000   1.799956E-01   0.000000E+00
   8.050   1.788777E-01   0.000000E+00
   8.100   1.777735E-01   0.000000E+00
   8.150   1.766828E-01   0.000000E+00
   8.200   1.756055E-01   0.000000E+00
   8.250   1.745412E-01   0.000000E+00
   8.300   1.734898E-01   0.000000E+00
   8.350   1.724509E-01   0.000000E+00
   8.400   1.714244E-01   0.000000E+00
   8.450   1.704101E-01   0.000000E+00
   8.500   1.694077E-01   0.000000E+00
   8.550   1.684170E-01   0.000000E+00
   8.600   1.674378E-01   0.000000E+00
   8.650   1.664700E-01   0.000000E+00
   8.700   1.655132E-01   0.000000E+00
   8.750   1.645674E-01   0.000000E+00
   8.800   1.636324E-01   0.000000E+00
   8.850   1.627079E-01   0.000000E+00
   8.900   1.617938E-01   0.000000E+00
   8.950   1.608900E-01   0.000000E+00
   9.000   1.599961E-01   0.000000E+00
   9.050   1.591122E-01   0.000000E+00
   9.100   1.582379E-01   0.000000E+00
   9.150   1.573732E-01   0.000000E+00
   9.200   1.565180E-01   0.000000E+00
   9.250   1.556719E-01   0.000000E+00
   9.300   1.548350E-01   0.000000E+00
   9.350   1.540070E-01   0.000000E+00
   9.400   1.531878E-01   0.000000E+00
   9.450   1.523773E-01   0.000000E+00
   9.500   1.515753E-01   0.000000E+00
   9.550   1.507817E-01   0.000000E+00
   9.600   1.499964E-01   0.000000E+00
   9.650   1.492192E-01   0.000000E+00
   9.700   1.484500E-01   0.000000E+00
   9.750   1.476887E-01   0.000000E+00
   9.800   1.469352E-01   0.000000E+00
   9.850   1.461894E-01   0.000000E+00
   9.900   1.454510E-01   0.000000E+00
   9.950   1.447201E-01   0.000000E+00
  10.000   1.439965E-01   0.000000E+00
  10.050   1.432801E-01   0.000000E+00
  10.100   1.425708E-01   0.000000E+00
  10.150   1.418685E-01   0.000000E+00
  10.200   1.411731E-01   0.000000E+00
  10.250   1.404844E-01   0.000000E+00
  10.300   1.398024E-01   0.000000E+00
  10.350   1.391271E-01   0.000000E+00
  10.400   1.384582E-01   0.000000E+00
  10.450   1.377957E-01   0.000000E+00
  10.500   1.371395E-01   0.000000E+00
  10.550   1.364896E-01   0.000000E+00
  10.600   1.358458E-01   0.000000E+00
  10.650   1.352080E-01   0.000000E+00
  10.700   1.345762E-01   0.000000E+00
  10.750   1.339502E-01   0.000000E+00
  10.800   1.333301E-01   0.000000E+00
  10.850   1.327157E-01   0.000000E+00
  10.900   1.321069E-01   0.000000E+00
  10.950   1.315037E-01   0.000000E+00
  11.000   1.309059E-01   0.000000E+00
  11.050   1.303136E-01   0.000000E+00
  11.100   1.297266E-01   0.000000E+00
  11.150   1.291449E-01   0.000000E+00
  11.200   1.285683E-01   0.000000E+00
  11.250   1.279969E-01   0.000000E+00
  11.300   1.274305E-01   0.000000E+00
  11.350   1.268692E-01   0.000000E+00
  11.400   1.263127E-01   0.000000E+00
  11.450   1.257611E-01   0.000000E+00
  11.500   1.252144E-01   0.000000E+00
  11.550   1.246723E-01   0.000000E+00
  11.600   1.241349E-01   0.000000E+00
  11.650   1.236022E-01   0.000000E+00
  11.700   1.230739E-01   0.000000E+00
  11.750   1.225502E-01   0.000000E+00
  11.800   1.220309E-01   0.000000E+00
  11.850   1.215160E-01   0.000000E+00
  11.900   1.210055E-01   0.000000E+00
  11.950   1.204992E-01   0.000000E+00
  12.000   1.199971E-01   0.000000E+00
  12.050   1.194992E-01   0.000000E+00
  12.100   1.190054E-01   0.000000E+00
  12.150   1.185157E-01   0.000000E+00
  12.200   1.180299E-01   0.000000E+00
  12.250   1.175482E-01   0.000000E+00
  12.300   1.170703E-01   0.000000E+00
  12.350   1.165964E-01   0.000000E+00
  12.400   1.161262E-01   0.000000E+00
  12.450   1.156599E-01   0.000000E+00
  12.500   1.151972E-01   0.000000E+00
  12.550   1.147383E-01   0.000000E+00
  12.600   1.142829E-01   0.000000E+00
  12.650   1.138312E-01   0.000000E+00
  12.700   1.133831E-01   0.000000E+00
  12.750   1.129384E-01   0.000000E+00
  12.800   1.124973E-01   0.000000E+00
  12.850   1.120595E-01   0.000000E+00
  12.900   1.116252E-01   0.000000E+00
  12.950   1.111942E-01   0.000000E+00
  13.000   1.107666E-01   0.000000E+00
  13.050   1.103422E-01   0.000000E+00
  13.100   1.099210E-01   0.000000E+00
  13.150   1.095031E-01   0.000000E+00
  13.200   1.090883E-01   0.000000E+00
  13.250   1.086766E-01   0.000000E+00
  13.300   1.082681E-01   0.000000E+00
  13.350   1.078626E-01   0.000000E+00
  13.400   1.074601E-01   0.000000E+00
  13.450   1.070606E-01   0.000000E+00
  13.500   1.066641E-01   0.000000E+00
  13.550   1.062705E-01   0.000000E+00
  13.600   1.058798E-01   0.000000E+00
  13.650   1.054920E-01   0.000000E+00
  13.700   1.051069E-01   0.000000E+00
  13.750   1.047247E-01   0.000000E+00
  13.800   1.043453E-01   0.000000E+00
  13.850   1.039686E-01   0.000000E+00
  13.900   1.035946E-01   0.000000E+00
  13.950   1.032233E-01   0.000000E+00
  14.000   1.028547E-01   0.000000E+00
  14.050   1.024886E-01   0.000000E+00
  14.100   1.021252E-01   0.000000E+00
  14.150   1.017643E-01   0.000000E+00
  14.200   1.014060E-01   0.000000E+00
  14.250   1.010502E-01   0.000000E+00
  14.300   1.006969E-01   0.000000E+00
  14.350   1.003460E-01   0.000000E+00
  14.400   9.999758E-02   0.000000E+00
  14.450   9.965157E-02   0.000000E+00
  14.500   9.930794E-02   0.000000E+00
  14.550   9.896668E-02   0.000000E+00
  14.600   9.862775E-02   0.000000E+00
  14.650   9.829114E-02   0.000000E+00
  14.700   9.795681E-02   0.000000E+00
  14.750   9.762476E-02   0.000000E+00
  14.800   9.729494E-02   0.000000E+00
  14.850   9.696735E-02   0.000000E+00
  14.900   9.664196E-02   0.000000E+00
  14.950   9.631874E-02   0.000000E+00
  15.000   9.599768E-02   0.000000E+00
  15.050   9.567875E-02   0.000000E+00
  15.100   9.536193E-02   0.000000E+00
  15.150   9.504720E-02   0.000000E+00
  15.200   9.473455E-02   0.000000E+00
  15.250   9.442394E-02   0.000000E+00
  15.300   9.411537E-02   0.000000E+00
  15.350   9.380880E-02   0.000000E+00
  15.400   9.350423E-02   0.000000E+00
  15.450   9.320163E-02   0.000000E+00
  15.500   9.290098E-02   0.000000E+00
  15.550   9.260226E-02   0.000000E+00
  15.600   9.230546E-02   0.000000E+00
  15.650   9.201055E-02   0.000000E+00
  15.700   9.171753E-02   0.000000E+00
  15.750   9.142636E-02   0.000000E+00
  15.800   9.113703E-02   0.000000E+00
  15.850   9.084954E-02   0.000000E+00
  15.900   9.056385E-02   0.000000E+00
  15.950   9.027995E-02   0.000000E+00
  16.000   8.999782E-02   0.000000E+00
  16.050   8.971745E-02   0.000000E+00
  16.100   8.943883E-02   0.000000E+00
  16.150   8.916193E-02   0.000000E+00
  16.200   8.888674E-02   0.000000E+00
  16.250   8.861324E-02   0.000000E+00
  16.300   8.834142E-02   0.000000E+00
  16.350   8.807126E-02   0.000000E+00
  16.400   8.780275E-02   0.000000E+00
  16.450   8.753588E-02   0.000000E+00
  16.500   8.727062E-02   0.000000E+00
  16.550   8.700696E-02   0.000000E+00
  16.600   8.674489E-02   0.000000E+00
  16.650   8.648439E-02   0.000000E+00
  16.700   8.622546E-02   0.000000E+00
  16.750   8.596807E-02   0.000000E+00
  16.800   8.571221E-02   0.000000E+00
  16.850   8.545787E-02   0.000000E+00
  16.900   8.520504E-02   0.000000E+00
  16.950   8.495370E-02   0.000000E+00
  17.000   8.470383E-02   0.000000E+00
  17.050   8.445543E-02   0.000000E+00
  17.100   8.420849E-02   0.000000E+00
  17.150   8.396298E-02   0.000000E+00
  17.200   8.371890E-02   0.000000E+00
  17.250   8.347624E-02   0.000000E+00
  17.300   8.323498E-02   0.000000E+00
  17.350   8.299511E-02   0.000000E+00
  17.400   8.275662E-02   0.000000E+00
  17.450   8.251949E-02   0.000000E+00
  17.500   8.228372E-02   0.000000E+00
  17.550   8.204930E-02   0.000000E+00
  17.600   8.181620E-02   0.000000E+00
  17.650   8.158443E-02   0.000000E+00
  17.700   8.135396E-02   0.000000E+00
  17.750   8.112480E-02   0.000000E+00
  17.800   8.089692E-02   0.000000E+00
  17.850   8.067032E-02   0.000000E+00
  17.900   8.044498E-02   0.000000E+00
  17.950   8.022090E-02   0.000000E+00
  18.000   7.999806E-02   0.000000E+00
  18.050   7.977646E-02   0.000000E+00
  18.100   7.955609E-02   0.000000E+00
  18.150   7.933692E-02   0.000000E+00
  18.200   7.911896E-02   0.000000E+00
  18.250   7.890220E-02   0.000000E+00
  18.300   7.868662E-02   0.000000E+00
  18.350   7.847222E-02   0.000000E+00
  18.400   7.825898E-02   0.000000E+00
  18.450   7.804689E-02   0.000000E+00
  18.500   7.783595E-02   0.000000E+00
  18.550   7.762615E-02   0.000000E+00
  18.600   7.741748E-02   0.000000E+00
  18.650   7.720993E-02   0.000000E+00
  18.700   7.700348E-02   0.000000E+00
  18.750   7.679814E-02   0.000000E+00
  18.800   7.659389E-02   0.000000E+00
  18.850   7.639072E-02   0.000000E+00
  18.900   7.618863E-02   0.000000E+00
  18.950   7.598761E-02   0.000000E+00
  19.000   7.578764E-02   0.000000E+00
  19.050   7.558872E-02   0.000000E+00
  19.100   7.539085E-02   0.000000E+00
  19.150   7.519400E-02   0.000000E+00
  19.200   7.499818E-02   0.000000E+00
  19.250   7.480338E-02   0.000000E+00
  19.300   7.460959E-02   0.000000E+00
  19.350   7.441680E-02   0.000000E+00
  19.400   7.422501E-02   0.000000E+00
  19.450   7.403420E-02   0.000000E+00
  19.500   7.384437E-02   0.000000E+00
  19.550   7.365551E-02   0.000000E+00
  19.600   7.346761E-02   0.000000E+00
  19.650   7.328067E-02   0.000000E+00
  19.700   7.309468E-02   0.000000E+00
  19.750   7.290963E-02   0.000000E+00
  19.800   7.272551E-02   0.000000E+00
  19.850   7.254232E-02   0.000000E+00
  19.900   7.236006E-02   0.000000E+00
  19.950   7.217870E-02   0.000000E+00
  20.000   7.199826E-02   0.000000E+00
  20.050   7.181871E-02   0.000000E+00
 &
# Potential at   2: KP=  1 of type  1 and multipole =  0
   0.000  -3.996764E+01  -9.999043E+00
   0.050  -3.996637E+01  -9.998994E+00
   0.100  -3.996368E+01  -9.998888E+00
   0.150  -3.996078E+01  -9.998772E+00
   0.200  -3.995765E+01  -9.998642E+00
   0.250  -3.995427E+01  -9.998500E+00
   0.300  -3.995061E+01  -9.998342E+00
   0.350  -3.994667E+01  -9.998167E+00
   0.400  -3.994241E+01  -9.997974E+00
   0.450  -3.993781E+01  -9.997762E+00
   0.500  -3.993285E+01  -9.997526E+00
   0.550  -3.992749E+01  -9.997266E+00
   0.600  -3.992170E+01  -9.996979E+00
   0.650  -3.991545E+01  -9.996661E+00
   0.700  -3.990871E+01  -9.996310E+00
   0.750  -3.990143E+01  -9.995922E+00
   0.800  -3.989357E+01  -9.995494E+00
   0.850  -3.988508E+01  -9.995020E+00
   0.900  -3.987592E+01  -9.994496E+00
   0.950  -3.986603E+01  -9.993918E+00
   1.000  -3.985536E+01  -9.993279E+00
   1.050  -3.984384E+01  -9.992573E+00
   1.100  -3.983141E+01  -9.991792E+00
   1.150  -3.981799E+01  -9.990930E+00
   1.200  -3.980350E+01  -9.989976E+00
   1.250  -3.978788E+01  -9.988923E+00
   1.300  -3.977101E+01  -9.987760E+00
   1.350  -3.975282E+01  -9.986474E+00
   1.400  -3.973318E+01  -9.985054E+00
   1.450  -3.971200E+01  -9.983484E+00
   1.500  -3.968915E+01  -9.981750E+00
   1.550  -3.966451E+01  -9.979836E+00
   1.600  -3.963792E+01  -9.977719E+00
   1.650  -3.960926E+01  -9.975382E+00
   1.700  -3.957834E+01  -9.972799E+00
   1.750  -3.954501E+01  -9.969948E+00
   1.800  -3.950908E+01  -9.966798E+00
   1.850  -3.947034E+01  -9.963319E+00
   1.900  -3.942859E+01  -9.959476E+00
   1.950  -3.938361E+01  -9.955234E+00
   2.000  -3.933514E+01  -9.950548E+00
   2.050  -3.928294E+01  -9.945376E+00
   2.100  -3.922671E+01  -9.939666E+00
   2.150  -3.916616E+01  -9.933363E+00
   2.200  -3.910099E+01  -9.926406E+00
   2.250  -3.903085E+01  -9.918729E+00
   2.300  -3.895538E+01  -9.910258E+00
   2.350  -3.887420E+01  -9.900914E+00
   2.400  -3.878691E+01  -9.890607E+00
   2.450  -3.869309E+01  -9.879241E+00
   2.500  -3.859227E+01  -9.866710E+00
   2.550  -3.848397E+01  -9.852898E+00
   2.600  -3.836770E+01  -9.837678E+00
   2.650  -3.824291E+01  -9.820912E+00
   2.700  -3.810906E+01  -9.802449E+00
   2.750  -3.796555E+01  -9.782125E+00
   2.800  -3.781178E+01  -9.759762E+00
   2.850  -3.764710E+01  -9.735165E+00
   2.900  -3.747086E+01  -9.708124E+00
   2.950  -3.728238E+01  -9.678415E+00
   3.000  -3.708094E+01  -9.645792E+00
   3.050  -3.686582E+01  -9.609992E+00
   3.100  -3.663629E+01  -9.570735E+00
   3.150  -3.639159E+01  -9.527721E+00
   3.200  -3.613097E+01  -9.480631E+00
   3.250  -3.585368E+01  -9.429127E+00
   3.300  -3.555895E+01  -9.372852E+00
   3.350  -3.524605E+01  -9.311437E+00
   3.400  -3.491426E+01  -9.244491E+00
   3.450  -3.456289E+01  -9.171616E+00
   3.500  -3.419127E+01  -9.092401E+00
   3.550  -3.379882E+01  -9.006432E+00
   3.600  -3.338498E+01  -8.913293E+00
   3.650  -3.294928E+01  -8.812573E+00
   3.700  -3.249134E+01  -8.703877E+00
   3.750  -3.201087E+01  -8.586826E+00
   3.800  -3.150769E+01  -8.461074E+00
   3.850  -3.098174E+01  -8.326313E+00
   3.900  -3.043312E+01  -8.182285E+00
   3.950  -2.986204E+01  -8.028798E+00
   4.000  -2.926889E+01  -7.865731E+00
   4.050  -2.865422E+01  -7.693051E+00
   4.100  -2.801876E+01  -7.510820E+00
   4.150  -2.736340E+01  -7.319211E+00
   4.200  -2.668922E+01  -7.118511E+00
   4.250  -2.599748E+01  -6.909131E+00
   4.300  -2.528961E+01  -6.691607E+00
   4.350  -2.456719E+01  -6.466604E+00
   4.400  -2.383198E+01  -6.234908E+00
   4.450  -2.308586E+01  -5.997423E+00
   4.500  -2.233083E+01  -5.755157E+00
   4.550  -2.156901E+01  -5.509207E+00
   4.600  -2.080258E+01  -5.260742E+00
   4.650  -2.003378E+01  -5.010979E+00
   4.700  -1.926488E+01  -4.761160E+00
   4.750  -1.849815E+01  -4.512532E+00
   4.800  -1.773584E+01  -4.266314E+00
   4.850  -1.698013E+01  -4.023679E+00
   4.900  -1.623314E+01  -3.785732E+00
   4.950  -1.549689E+01  -3.553490E+00
   5.000  -1.477328E+01  -3.327866E+00
   5.050  -1.406406E+01  -3.109657E+00
   5.100  -1.337085E+01  -2.899538E+00
   5.150  -1.269508E+01  -2.698057E+00
   5.200  -1.203802E+01  -2.505636E+00
   5.250  -1.140077E+01  -2.322574E+00
   5.300  -1.078424E+01  -2.149050E+00
   5.350  -1.018918E+01  -1.985139E+00
   5.400  -9.616143E+00  -1.830814E+00
   5.450  -9.065534E+00  -1.685963E+00
   5.500  -8.537593E+00  -1.550397E+00
   5.550  -8.032413E+00  -1.423865E+00
   5.600  -7.549953E+00  -1.306063E+00
   5.650  -7.090045E+00  -1.196648E+00
   5.700  -6.652408E+00  -1.095244E+00
   5.750  -6.236666E+00  -1.001455E+00
   5.800  -5.842353E+00  -9.148731E-01
   5.850  -5.468933E+00  -8.350818E-01
   5.900  -5.115806E+00  -7.616661E-01
   5.950  -4.782322E+00  -6.942158E-01
   6.000  -4.467793E+00  -6.323298E-01
   6.050  -4.171499E+00  -5.756195E-01
   6.100  -3.892703E+00  -5.237108E-01
   6.150  -3.630651E+00  -4.762466E-01
   6.200  -3.384587E+00  -4.328876E-01
   6.250  -3.153753E+00  -3.933132E-01
   6.300  -2.937400E+00  -3.572215E-01
   6.350  -2.734787E+00  -3.243299E-01
   6.400  -2.545190E+00  -2.943744E-01
   6.450  -2.367903E+00  -2.671092E-01
   6.500  -2.202238E+00  -2.423063E-01
   6.550  -2.047533E+00  -2.197546E-01
   6.600  -1.903148E+00  -1.992588E-01
   6.650  -1.768471E+00  -1.806394E-01
   6.700  -1.642913E+00  -1.637307E-01
   6.750  -1.525914E+00  -1.483809E-01
   6.800  -1.416939E+00  -1.344504E-01
   6.850  -1.315481E+00  -1.218116E-01
   6.900  -1.221057E+00  -1.103476E-01
   6.950  -1.133212E+00  -9.995163E-02
   7.000  -1.051516E+00  -9.052608E-02
   7.050  -9.755619E-01  -8.198201E-02
   7.100  -9.049664E-01  -7.423831E-02
   7.150  -8.393697E-01  -6.722109E-02
   7.200  -7.784331E-01  -6.086309E-02
   7.250  -7.218388E-01  -5.510312E-02
   7.300  -6.692889E-01  -4.988552E-02
   7.350  -6.205041E-01  -4.515972E-02
   7.400  -5.752233E-01  -4.087977E-02
   7.450  -5.332022E-01  -3.700395E-02
   7.500  -4.942122E-01  -3.349435E-02
   7.550  -4.580403E-01  -3.031660E-02
   7.600  -4.244874E-01  -2.743951E-02
   7.650  -3.933678E-01  -2.483478E-02
   7.700  -3.645087E-01  -2.247676E-02
   7.750  -3.377487E-01  -2.034216E-02
   7.800  -3.129378E-01  -1.840991E-02
   7.850  -2.899362E-01  -1.666090E-02
   7.900  -2.686138E-01  -1.507779E-02
   7.950  -2.488496E-01  -1.364491E-02
   8.000  -2.305313E-01  -1.234803E-02
   8.050  -2.135541E-01  -1.117427E-02
   8.100  -1.978210E-01  -1.011197E-02
   8.150  -1.832416E-01  -9.150572E-03
   8.200  -1.697322E-01  -8.280501E-03
   8.250  -1.572148E-01  -7.493097E-03
   8.300  -1.456171E-01  -6.780518E-03
   8.350  -1.348722E-01  -6.135663E-03
   8.400  -1.249176E-01  -5.552101E-03
   8.450  -1.156955E-01  -5.024015E-03
   8.500  -1.071525E-01  -4.546134E-03
   8.550  -9.923875E-02  -4.113690E-03
   8.600  -9.190810E-02  -3.722366E-03
   8.650  -8.511780E-02  -3.368255E-03
   8.700  -7.882819E-02  -3.047821E-03
   8.750  -7.300249E-02  -2.757863E-03
   8.800  -6.760660E-02  -2.495483E-03
   8.850  -6.260891E-02  -2.258060E-03
   8.900  -5.798014E-02  -2.043221E-03
   8.950  -5.369311E-02  -1.848819E-03
   9.000  -4.972267E-02  -1.672910E-03
   9.050  -4.604550E-02  -1.513736E-03
   9.100  -4.263997E-02  -1.369704E-03
   9.150  -3.948607E-02  -1.239376E-03
   9.200  -3.656524E-02  -1.121447E-03
   9.250  -3.386028E-02  -1.014738E-03
   9.300  -3.135527E-02  -9.181817E-04
   9.350  -2.903544E-02  -8.308124E-04
   9.400  -2.688713E-02  -7.517561E-04
   9.450  -2.489768E-02  -6.802219E-04
   9.500  -2.305534E-02  -6.154942E-04
   9.550  -2.134926E-02  -5.569255E-04
   9.600  -1.976936E-02  -5.039297E-04
   9.650  -1.830633E-02  -4.559766E-04
   9.700  -1.695153E-02  -4.125865E-04
   9.750  -1.569695E-02  -3.733252E-04
   9.800  -1.453518E-02  -3.377998E-04
   9.850  -1.345938E-02  -3.056549E-04
   9.900  -1.246317E-02  -2.765688E-04
   9.950  -1.154068E-02  -2.502504E-04
  10.000  -1.068644E-02  -2.264365E-04
  10.050  -9.895427E-03  -2.048886E-04
  10.100  -9.162948E-03  -1.853913E-04
  10.150  -8.484677E-03  -1.677493E-04
  10.200  -7.856605E-03  -1.517861E-04
  10.250  -7.275016E-03  -1.373419E-04
  10.300  -6.736472E-03  -1.242723E-04
  10.350  -6.237789E-03  -1.124463E-04
  10.400  -5.776016E-03  -1.017457E-04
  10.450  -5.348423E-03  -9.206344E-05
  10.500  -4.952481E-03  -8.330252E-05
  10.550  -4.585846E-03  -7.537530E-05
  10.600  -4.246351E-03  -6.820244E-05
  10.650  -3.931987E-03  -6.171216E-05
  10.700  -3.640893E-03  -5.583950E-05
  10.750  -3.371348E-03  -5.052570E-05
  10.800  -3.121757E-03  -4.571756E-05
  10.850  -2.890642E-03  -4.136698E-05
  10.900  -2.676636E-03  -3.743041E-05
  10.950  -2.478473E-03  -3.386844E-05
  11.000  -2.294980E-03  -3.064545E-05
  11.050  -2.125072E-03  -2.772915E-05
  11.100  -1.967741E-03  -2.509038E-05
  11.150  -1.822058E-03  -2.270272E-05
  11.200  -1.687161E-03  -2.054228E-05
  11.250  -1.562250E-03  -1.858743E-05
  11.300  -1.446587E-03  -1.681860E-05
  11.350  -1.339487E-03  -1.521810E-05
  11.400  -1.240316E-03  -1.376991E-05
  11.450  -1.148487E-03  -1.245953E-05
  11.500  -1.063456E-03  -1.127385E-05
  11.550  -9.847211E-04  -1.020100E-05
  11.600  -9.118150E-04  -9.230251E-06
  11.650  -8.443067E-04  -8.351877E-06
  11.700  -7.817963E-04  -7.557091E-06
  11.750  -7.239140E-04  -6.837940E-06
  11.800  -6.703171E-04  -6.187224E-06
  11.850  -6.206883E-04  -5.598432E-06
  11.900  -5.747339E-04  -5.065671E-06
  11.950  -5.321818E-04  -4.583609E-06
  12.000  -4.927801E-04  -4.147421E-06
  12.050  -4.562956E-04  -3.752742E-06
  12.100  -4.225123E-04  -3.395621E-06
  12.150  -3.912303E-04  -3.072485E-06
  12.200  -3.622643E-04  -2.780100E-06
  12.250  -3.354428E-04  -2.515538E-06
  12.300  -3.106072E-04  -2.276153E-06
  12.350  -2.876103E-04  -2.059549E-06
  12.400  -2.663161E-04  -1.863557E-06
  12.450  -2.465985E-04  -1.686216E-06
  12.500  -2.283407E-04  -1.525751E-06
  12.550  -2.114347E-04  -1.380557E-06
  12.600  -1.957804E-04  -1.249180E-06
  12.650  -1.812851E-04  -1.130304E-06
  12.700  -1.678630E-04  -1.022742E-06
  12.750  -1.554346E-04  -9.254150E-07
  12.800  -1.439265E-04  -8.373501E-07
  12.850  -1.332703E-04  -7.576658E-07
  12.900  -1.234032E-04  -6.855643E-07
  12.950  -1.142666E-04  -6.203243E-07
  13.000  -1.058064E-04  -5.612926E-07
  13.050  -9.797264E-05  -5.078786E-07
  13.100  -9.071887E-05  -4.595475E-07
  13.150  -8.400215E-05  -4.158158E-07
  13.200  -7.778274E-05  -3.762457E-07
  13.250  -7.202379E-05  -3.404412E-07
  13.300  -6.669124E-05  -3.080439E-07
  13.350  -6.175350E-05  -2.787297E-07
  13.400  -5.718134E-05  -2.522050E-07
  13.450  -5.294770E-05  -2.282046E-07
  13.500  -4.902752E-05  -2.064880E-07
  13.550  -4.539758E-05  -1.868381E-07
  13.600  -4.203639E-05  -1.690581E-07
  13.650  -3.892407E-05  -1.529701E-07
  13.700  -3.604217E-05  -1.384131E-07
  13.750  -3.337365E-05  -1.252413E-07
  13.800  -3.090271E-05  -1.133230E-07
  13.850  -2.861470E-05  -1.025389E-07
  13.900  -2.649610E-05  -9.278105E-08
  13.950  -2.453436E-05  -8.395176E-08
  14.000  -2.271786E-05  -7.596270E-08
  14.050  -2.103586E-05  -6.873389E-08
  14.100  -1.947839E-05  -6.219300E-08
  14.150  -1.803623E-05  -5.627455E-08
  14.200  -1.670085E-05  -5.091932E-08
  14.250  -1.546433E-05  -4.607370E-08
  14.300  -1.431937E-05  -4.168921E-08
  14.350  -1.325918E-05  -3.772196E-08
  14.400  -1.227749E-05  -3.413224E-08
  14.450  -1.136847E-05  -3.088413E-08
  14.500  -1.052677E-05  -2.794511E-08
  14.550  -9.747375E-06  -2.528579E-08
  14.600  -9.025690E-06  -2.287952E-08
  14.650  -8.357438E-06  -2.070225E-08
  14.700  -7.738662E-06  -1.873217E-08
  14.750  -7.165700E-06  -1.694957E-08
  14.800  -6.635159E-06  -1.533660E-08
  14.850  -6.143900E-06  -1.387713E-08
  14.900  -5.689012E-06  -1.255655E-08
  14.950  -5.267804E-06  -1.136164E-08
  15.000  -4.877781E-06  -1.028043E-08
  15.050  -4.516636E-06  -9.302121E-09
  15.100  -4.182229E-06  -8.416907E-09
  15.150  -3.872581E-06  -7.615932E-09
  15.200  -3.585859E-06  -6.891181E-09
  15.250  -3.320366E-06  -6.235398E-09
  15.300  -3.074530E-06  -5.642022E-09
  15.350  -2.846895E-06  -5.105112E-09
  15.400  -2.636114E-06  -4.619297E-09
  15.450  -2.440939E-06  -4.179712E-09
  15.500  -2.260214E-06  -3.781960E-09
  15.550  -2.092871E-06  -3.422059E-09
  15.600  -1.937917E-06  -3.096407E-09
  15.650  -1.794435E-06  -2.801745E-09
  15.700  -1.661577E-06  -2.535124E-09
  15.750  -1.538556E-06  -2.293875E-09
  15.800  -1.424643E-06  -2.075584E-09
  15.850  -1.319164E-06  -1.878066E-09
  15.900  -1.221494E-06  -1.699344E-09
  15.950  -1.131056E-06  -1.537630E-09
  16.000  -1.047314E-06  -1.391305E-09
  16.050  -9.697721E-07  -1.258905E-09
  16.100  -8.979712E-07  -1.139104E-09
  16.150  -8.314864E-07  -1.030704E-09
  16.200  -7.699240E-07  -9.326199E-10
  16.250  -7.129197E-07  -8.438694E-10
  16.300  -6.601359E-07  -7.635645E-10
  16.350  -6.112601E-07  -6.909018E-10
  16.400  -5.660031E-07  -6.251538E-10
  16.450  -5.240968E-07  -5.656625E-10
  16.500  -4.852933E-07  -5.118326E-10
  16.550  -4.493627E-07  -4.631253E-10
  16.600  -4.160924E-07  -4.190531E-10
  16.650  -3.852853E-07  -3.791749E-10
  16.700  -3.567592E-07  -3.430917E-10
  16.750  -3.303452E-07  -3.104422E-10
  16.800  -3.058867E-07  -2.808997E-10
  16.850  -2.832392E-07  -2.541685E-10
  16.900  -2.622685E-07  -2.299812E-10
  16.950  -2.428504E-07  -2.080956E-10
  17.000  -2.248700E-07  -1.882927E-10
  17.050  -2.082209E-07  -1.703743E-10
  17.100  -1.928044E-07  -1.541610E-10
  17.150  -1.785294E-07  -1.394907E-10
  17.200  -1.653113E-07  -1.262164E-10
  17.250  -1.530718E-07  -1.142053E-10
  17.300  -1.417386E-07  -1.033372E-10
  17.350  -1.312444E-07  -9.350339E-11
  17.400  -1.215272E-07  -8.460536E-11
  17.450  -1.125294E-07  -7.655410E-11
  17.500  -1.041979E-07  -6.926901E-11
  17.550  -9.648318E-08  -6.267720E-11
  17.600  -8.933967E-08  -5.671267E-11
  17.650  -8.272506E-08  -5.131575E-11
  17.700  -7.660019E-08  -4.643241E-11
  17.750  -7.092879E-08  -4.201378E-11
  17.800  -6.567730E-08  -3.801564E-11
  17.850  -6.081462E-08  -3.439797E-11
  17.900  -5.631198E-08  -3.112458E-11
  17.950  -5.214270E-08  -2.816268E-11
  18.000  -4.828211E-08  -2.548265E-11
  18.050  -4.470735E-08  -2.305765E-11
  18.100  -4.139727E-08  -2.086343E-11
  18.150  -3.833226E-08  -1.887801E-11
  18.200  -3.549418E-08  -1.708153E-11
  18.250  -3.286623E-08  -1.545601E-11
  18.300  -3.043285E-08  -1.398517E-11
  18.350  -2.817963E-08  -1.265431E-11
  18.400  -2.609324E-08  -1.145009E-11
  18.450  -2.416133E-08  -1.036047E-11
  18.500  -2.237245E-08  -9.374542E-12
  18.550  -2.071602E-08  -8.482436E-12
  18.600  -1.918223E-08  -7.675226E-12
  18.650  -1.776199E-08  -6.944831E-12
  18.700  -1.644691E-08  -6.283943E-12
  18.750  -1.522920E-08  -5.685947E-12
  18.800  -1.410165E-08  -5.144858E-12
  18.850  -1.305758E-08  -4.655260E-12
  18.900  -1.209081E-08  -4.212253E-12
  18.950  -1.119562E-08  -3.811404E-12
  19.000  -1.036671E-08  -3.448701E-12
  19.050  -9.599168E-09  -3.120514E-12
  19.100  -8.888455E-09  -2.823558E-12
  19.150  -8.230364E-09  -2.554861E-12
  19.200  -7.620996E-09  -2.311733E-12
  19.250  -7.056746E-09  -2.091743E-12
  19.300  -6.534272E-09  -1.892687E-12
  19.350  -6.050482E-09  -1.712574E-12
  19.400  -5.602510E-09  -1.549601E-12
  19.450  -5.187707E-09  -1.402137E-12
  19.500  -4.803614E-09  -1.268706E-12
  19.550  -4.447960E-09  -1.147973E-12
  19.600  -4.118638E-09  -1.038729E-12
  19.650  -3.813698E-09  -9.398807E-13
  19.700   0.000000E+00   0.000000E+00
  19.750   0.000000E+00   0.000000E+00
  19.800   0.000000E+00   0.000000E+00
  19.850   0.000000E+00   0.000000E+00
  19.900   0.000000E+00   0.000000E+00
  19.950   0.000000E+00   0.000000E+00
  20.000   0.000000E+00   0.000000E+00
  20.050   0.000000E+00   0.000000E+00
 &
# Potential at   3: KP=  1 of type 11 and multipole =  2
   0.000   0.000000E+00   0.000000E+00
   0.050   0.000000E+00   0.000000E+00
   0.100  -2.120091E-02  -8.411115E-04
   0.150  -2.211255E-02  -9.011492E-04
   0.200  -2.387055E-02  -9.949947E-04
   0.250  -2.576844E-02  -1.099332E-03
   0.300  -2.784353E-02  -1.219408E-03
   0.350  -3.004686E-02  -1.344146E-03
   0.400  -3.243438E-02  -1.483457E-03
   0.450  -3.503873E-02  -1.640838E-03
   0.500  -3.783661E-02  -1.816288E-03
   0.550  -4.081868E-02  -2.003979E-03
   0.600  -4.407821E-02  -2.213237E-03
   0.650  -4.760353E-02  -2.447559E-03
   0.700  -5.138766E-02  -2.706362E-03
   0.750  -5.548655E-02  -2.988481E-03
   0.800  -5.988387E-02  -3.302660E-03
   0.850  -6.465192E-02  -3.652977E-03
   0.900  -6.979768E-02  -4.031856E-03
   0.950  -7.533048E-02  -4.459115E-03
   1.000  -8.129462E-02  -4.926593E-03
   1.050  -8.775305E-02  -5.443035E-03
   1.100  -9.473375E-02  -6.016016E-03
   1.150  -1.022181E-01  -6.647870E-03
   1.200  -1.103109E-01  -7.346756E-03
   1.250  -1.190496E-01  -8.113841E-03
   1.300  -1.284528E-01  -8.966610E-03
   1.350  -1.386021E-01  -9.905064E-03
   1.400  -1.495302E-01  -1.094611E-02
   1.450  -1.613115E-01  -1.209557E-02
   1.500  -1.740209E-01  -1.335811E-02
   1.550  -1.876862E-01  -1.475880E-02
   1.600  -2.024170E-01  -1.630579E-02
   1.650  -2.182973E-01  -1.801366E-02
   1.700  -2.353923E-01  -1.989523E-02
   1.750  -2.537860E-01  -2.197207E-02
   1.800  -2.735763E-01  -2.427041E-02
   1.850  -2.948821E-01  -2.680540E-02
   1.900  -3.177758E-01  -2.960211E-02
   1.950  -3.423878E-01  -3.268968E-02
   2.000  -3.688650E-01  -3.608969E-02
   2.050  -3.973124E-01  -3.984350E-02
   2.100  -4.278559E-01  -4.398553E-02
   2.150  -4.606353E-01  -4.854898E-02
   2.200  -4.958046E-01  -5.358166E-02
   2.250  -5.335363E-01  -5.912320E-02
   2.300  -5.739819E-01  -6.522665E-02
   2.350  -6.172907E-01  -7.195321E-02
   2.400  -6.636469E-01  -7.935709E-02
   2.450  -7.132509E-01  -8.750066E-02
   2.500  -7.662846E-01  -9.645911E-02
   2.550  -8.229043E-01  -1.063041E-01
   2.600  -8.833524E-01  -1.171203E-01
   2.650  -9.477805E-01  -1.289996E-01
   2.700  -1.016405E+00  -1.420313E-01
   2.750  -1.089446E+00  -1.563168E-01
   2.800  -1.167041E+00  -1.719697E-01
   2.850  -1.249394E+00  -1.891014E-01
   2.900  -1.336690E+00  -2.078251E-01
   2.950  -1.429078E+00  -2.282758E-01
   3.000  -1.526719E+00  -2.505924E-01
   3.050  -1.629721E+00  -2.748972E-01
   3.100  -1.738183E+00  -3.013266E-01
   3.150  -1.852178E+00  -3.300310E-01
   3.200  -1.971736E+00  -3.611458E-01
   3.250  -2.096822E+00  -3.948042E-01
   3.300  -2.227403E+00  -4.311323E-01
   3.350  -2.363373E+00  -4.702507E-01
   3.400  -2.504507E+00  -5.122614E-01
   3.450  -2.650596E+00  -5.572454E-01
   3.500  -2.801315E+00  -6.052610E-01
   3.550  -2.956261E+00  -6.563240E-01
   3.600  -3.114924E+00  -7.104297E-01
   3.650  -3.276751E+00  -7.675017E-01
   3.700  -3.441090E+00  -8.274240E-01
   3.750  -3.607140E+00  -8.900178E-01
   3.800  -3.774049E+00  -9.550171E-01
   3.850  -3.940887E+00  -1.022107E+00
   3.900  -4.106592E+00  -1.090865E+00
   3.950  -4.270075E+00  -1.160783E+00
   4.000  -4.430132E+00  -1.231281E+00
   4.050  -4.585515E+00  -1.301684E+00
   4.100  -4.734948E+00  -1.371238E+00
   4.150  -4.877137E+00  -1.439116E+00
   4.200  -5.010769E+00  -1.504439E+00
   4.250  -5.134549E+00  -1.566291E+00
   4.300  -5.247249E+00  -1.623735E+00
   4.350  -5.347671E+00  -1.675856E+00
   4.400  -5.434777E+00  -1.721762E+00
   4.450  -5.507583E+00  -1.760643E+00
   4.500  -5.565255E+00  -1.791786E+00
   4.550  -5.607167E+00  -1.814594E+00
   4.600  -5.632803E+00  -1.828624E+00
   4.650  -5.641872E+00  -1.833601E+00
   4.700  -5.634268E+00  -1.829428E+00
   4.750  -5.610075E+00  -1.816181E+00
   4.800  -5.569580E+00  -1.794130E+00
   4.850  -5.513266E+00  -1.763700E+00
   4.900  -5.441757E+00  -1.725469E+00
   4.950  -5.355870E+00  -1.680148E+00
   5.000  -5.256574E+00  -1.628541E+00
   5.050  -5.144909E+00  -1.571526E+00
   5.100  -5.022051E+00  -1.510024E+00
   5.150  -4.889241E+00  -1.444969E+00
   5.200  -4.747751E+00  -1.377278E+00
   5.250  -4.598897E+00  -1.307839E+00
   5.300  -4.443983E+00  -1.237480E+00
   5.350  -4.284284E+00  -1.166961E+00
   5.400  -4.121062E+00  -1.096965E+00
   5.450  -3.955499E+00  -1.028086E+00
   5.500  -3.788722E+00  -9.608353E-01
   5.550  -3.621775E+00  -8.956333E-01
   5.600  -3.455610E+00  -8.328183E-01
   5.650  -3.291105E+00  -7.726520E-01
   5.700  -3.129025E+00  -7.153228E-01
   5.750  -2.970046E+00  -6.609573E-01
   5.800  -2.814759E+00  -6.096231E-01
   5.850  -2.663656E+00  -5.613410E-01
   5.900  -2.517144E+00  -5.160924E-01
   5.950  -2.375554E+00  -4.738235E-01
   6.000  -2.239138E+00  -4.344543E-01
   6.050  -2.108076E+00  -3.978843E-01
   6.100  -1.982492E+00  -3.639977E-01
   6.150  -1.862454E+00  -3.326663E-01
   6.200  -1.747974E+00  -3.037557E-01
   6.250  -1.639028E+00  -2.771279E-01
   6.300  -1.535551E+00  -2.526435E-01
   6.350  -1.437448E+00  -2.301634E-01
   6.400  -1.344600E+00  -2.095519E-01
   6.450  -1.256862E+00  -1.906772E-01
   6.500  -1.174074E+00  -1.734123E-01
   6.550  -1.096065E+00  -1.576360E-01
   6.600  -1.022650E+00  -1.432333E-01
   6.650  -9.536404E-01  -1.300958E-01
   6.700  -8.888435E-01  -1.181213E-01
   6.750  -8.280635E-01  -1.072144E-01
   6.800  -7.711037E-01  -9.728613E-02
   6.850  -7.177721E-01  -8.825386E-02
   6.900  -6.678777E-01  -8.004081E-02
   6.950  -6.212336E-01  -7.257624E-02
   7.000  -5.776589E-01  -6.579482E-02
   7.050  -5.369777E-01  -5.963631E-02
   7.100  -4.990211E-01  -5.404544E-02
   7.150  -4.636259E-01  -4.897150E-02
   7.200  -4.306367E-01  -4.436801E-02
   7.250  -3.999044E-01  -4.019237E-02
   7.300  -3.712876E-01  -3.640573E-02
   7.350  -3.446512E-01  -3.297258E-02
   7.400  -3.198677E-01  -2.986047E-02
   7.450  -2.968166E-01  -2.703990E-02
   7.500  -2.753842E-01  -2.448395E-02
   7.550  -2.554621E-01  -2.216813E-02
   7.600  -2.369496E-01  -2.007013E-02
   7.650  -2.197514E-01  -1.816969E-02
   7.700  -2.037778E-01  -1.644838E-02
   7.750  -1.889451E-01  -1.488949E-02
   7.800  -1.751748E-01  -1.347778E-02
   7.850  -1.623931E-01  -1.219948E-02
   7.900  -1.505312E-01  -1.104205E-02
   7.950  -1.395248E-01  -9.994122E-03
   8.000  -1.293136E-01  -9.045400E-03
   8.050  -1.198416E-01  -8.186545E-03
   8.100  -1.110565E-01  -7.409066E-03
   8.150  -1.029093E-01  -6.705291E-03
   8.200  -9.535464E-02  -6.068257E-03
   8.250  -8.835027E-02  -5.491650E-03
   8.300  -8.185650E-02  -4.969759E-03
   8.350  -7.583678E-02  -4.497403E-03
   8.400  -7.025706E-02  -4.069894E-03
   8.450  -6.508535E-02  -3.682982E-03
   8.500  -6.029230E-02  -3.332818E-03
   8.550  -5.585051E-02  -3.015921E-03
   8.600  -5.173439E-02  -2.729132E-03
   8.650  -4.792032E-02  -2.469594E-03
   8.700  -4.438635E-02  -2.234725E-03
   8.750  -4.111204E-02  -2.022181E-03
   8.800  -3.807842E-02  -1.829839E-03
   8.850  -3.526797E-02  -1.655787E-03
   8.900  -3.266433E-02  -1.498283E-03
   8.950  -3.025240E-02  -1.355754E-03
   9.000  -2.801811E-02  -1.226780E-03
   9.050  -2.594846E-02  -1.110072E-03
   9.100  -2.403136E-02  -1.004464E-03
   9.150  -2.225561E-02  -9.089001E-04
   9.200  -2.061084E-02  -8.224261E-04
   9.250  -1.908742E-02  -7.441780E-04
   9.300  -1.767642E-02  -6.733727E-04
   9.350  -1.636959E-02  -6.093038E-04
   9.400  -1.515923E-02  -5.513295E-04
   9.450  -1.403825E-02  -4.988707E-04
   9.500  -1.300007E-02  -4.514028E-04
   9.550  -1.203858E-02  -4.084507E-04
   9.600  -1.114815E-02  -3.695857E-04
   9.650  -1.032350E-02  -3.344181E-04
   9.700  -9.559801E-03  -3.025966E-04
   9.750  -8.852566E-03  -2.738029E-04
   9.800  -8.197612E-03  -2.477489E-04
   9.850  -7.591077E-03  -2.241739E-04
   9.900  -7.029390E-03  -2.028421E-04
   9.950  -6.509242E-03  -1.835400E-04
  10.000  -6.027565E-03  -1.660748E-04
  10.050  -5.581507E-03  -1.502713E-04
  10.100  -5.168449E-03  -1.359716E-04
  10.150  -4.785945E-03  -1.230326E-04
  10.200  -4.431739E-03  -1.113249E-04
  10.250  -4.103739E-03  -1.007312E-04
  10.300  -3.800003E-03  -9.114561E-05
  10.350  -3.518742E-03  -8.247216E-05
  10.400  -3.258293E-03  -7.462402E-05
  10.450  -3.017116E-03  -6.752276E-05
  10.500  -2.793791E-03  -6.109722E-05
  10.550  -2.586989E-03  -5.528312E-05
  10.600  -2.395489E-03  -5.002234E-05
  10.650  -2.218165E-03  -4.526215E-05
  10.700  -2.053965E-03  -4.095490E-05
  10.750  -1.901917E-03  -3.705758E-05
  10.800  -1.761123E-03  -3.353112E-05
  10.850  -1.630750E-03  -3.034023E-05
  10.900  -1.510028E-03  -2.745301E-05
  10.950  -1.398240E-03  -2.484053E-05
  11.000  -1.294728E-03  -2.247664E-05
  11.050  -1.198879E-03  -2.033772E-05
  11.100  -1.110123E-03  -1.840234E-05
  11.150  -1.027938E-03  -1.665114E-05
  11.200  -9.518374E-04  -1.506658E-05
  11.250  -8.813695E-04  -1.363281E-05
  11.300  -8.161188E-04  -1.233548E-05
  11.350  -7.556986E-04  -1.116160E-05
  11.400  -6.997511E-04  -1.009944E-05
  11.450  -6.479447E-04  -9.138361E-06
  11.500  -5.999740E-04  -8.268728E-06
  11.550  -5.555551E-04  -7.481854E-06
  11.600  -5.144245E-04  -6.769864E-06
  11.650  -4.763382E-04  -6.125630E-06
  11.700  -4.410722E-04  -5.542700E-06
  11.750  -4.084170E-04  -5.015241E-06
  11.800  -3.781791E-04  -4.537980E-06
  11.850  -3.501800E-04  -4.106134E-06
  11.900  -3.242539E-04  -3.715383E-06
  11.950  -3.002470E-04  -3.361819E-06
  12.000  -2.780175E-04  -3.041901E-06
  12.050  -2.574341E-04  -2.752424E-06
  12.100  -2.383743E-04  -2.490496E-06
  12.150  -2.207257E-04  -2.253496E-06
  12.200  -2.043837E-04  -2.039047E-06
  12.250  -1.892515E-04  -1.845006E-06
  12.300  -1.752398E-04  -1.669431E-06
  12.350  -1.622654E-04  -1.510563E-06
  12.400  -1.502517E-04  -1.366814E-06
  12.450  -1.391272E-04  -1.236744E-06
  12.500  -1.288265E-04  -1.119053E-06
  12.550  -1.192885E-04  -1.012561E-06
  12.600  -1.104566E-04  -9.162030E-07
  12.650  -1.022786E-04  -8.290148E-07
  12.700  -9.470605E-05  -7.501237E-07
  12.750  -8.769416E-05  -6.787404E-07
  12.800  -8.120136E-05  -6.141492E-07
  12.850  -7.518943E-05  -5.557052E-07
  12.900  -6.962253E-05  -5.028230E-07
  12.950  -6.446772E-05  -4.549730E-07
  13.000  -5.969462E-05  -4.116767E-07
  13.050  -5.527493E-05  -3.725005E-07
  13.100  -5.118247E-05  -3.370523E-07
  13.150  -4.739298E-05  -3.049776E-07
  13.200  -4.388408E-05  -2.759552E-07
  13.250  -4.063497E-05  -2.496944E-07
  13.300  -3.762641E-05  -2.259330E-07
  13.350  -3.484058E-05  -2.044326E-07
  13.400  -3.226102E-05  -1.849782E-07
  13.450  -2.987248E-05  -1.673753E-07
  13.500  -2.766075E-05  -1.514474E-07
  13.550  -2.561277E-05  -1.370353E-07
  13.600  -2.371644E-05  -1.239946E-07
  13.650  -2.196051E-05  -1.121950E-07
  13.700  -2.033459E-05  -1.015182E-07
  13.750  -1.882902E-05  -9.185749E-08
  13.800  -1.743494E-05  -8.311611E-08
  13.850  -1.614410E-05  -7.520653E-08
  13.900  -1.494880E-05  -6.804970E-08
  13.950  -1.384200E-05  -6.157394E-08
  14.000  -1.281715E-05  -5.571437E-08
  14.050  -1.186819E-05  -5.041246E-08
  14.100  -1.098948E-05  -4.561507E-08
  14.150  -1.017584E-05  -4.127423E-08
  14.200  -9.422428E-06  -3.734647E-08
  14.250  -8.724798E-06  -3.379248E-08
  14.300  -8.078832E-06  -3.057669E-08
  14.350  -7.480680E-06  -2.766695E-08
  14.400  -6.926819E-06  -2.503410E-08
  14.450  -6.413965E-06  -2.265177E-08
  14.500  -5.939083E-06  -2.049617E-08
  14.550  -5.499361E-06  -1.854571E-08
  14.600  -5.092192E-06  -1.678085E-08
  14.650  -4.715173E-06  -1.518393E-08
  14.700  -4.366067E-06  -1.373900E-08
  14.750  -4.042807E-06  -1.243156E-08
  14.800  -3.743482E-06  -1.124854E-08
  14.850  -3.466320E-06  -1.017810E-08
  14.900  -3.209676E-06  -9.209523E-09
  14.950  -2.972036E-06  -8.333123E-09
  15.000  -2.751990E-06  -7.540122E-09
  15.050  -2.548235E-06  -6.822583E-09
  15.100  -2.359567E-06  -6.173332E-09
  15.150  -2.184867E-06  -5.585861E-09
  15.200  -2.023102E-06  -5.054293E-09
  15.250  -1.873314E-06  -4.573315E-09
  15.300  -1.734615E-06  -4.138108E-09
  15.350  -1.606186E-06  -3.744314E-09
  15.400  -1.487267E-06  -3.387995E-09
  15.450  -1.377151E-06  -3.065585E-09
  15.500  -1.275188E-06  -2.773856E-09
  15.550  -1.180774E-06  -2.509889E-09
  15.600  -1.093351E-06  -2.271041E-09
  15.650  -1.012401E-06  -2.054922E-09
  15.700  -9.374432E-07  -1.859371E-09
  15.750  -8.680361E-07  -1.682429E-09
  15.800  -8.037678E-07  -1.522324E-09
  15.850  -7.442576E-07  -1.377456E-09
  15.900  -6.891536E-07  -1.246373E-09
  15.950  -6.381292E-07  -1.127766E-09
  16.000  -5.908831E-07  -1.020445E-09
  16.050  -5.471349E-07  -9.233361E-10
  16.100  -5.066254E-07  -8.354694E-10
  16.150  -4.691154E-07  -7.559639E-10
  16.200  -4.343828E-07  -6.840241E-10
  16.250  -4.022212E-07  -6.189310E-10
  16.300  -3.724414E-07  -5.600319E-10
  16.350  -3.448663E-07  -5.067378E-10
  16.400  -3.193327E-07  -4.585154E-10
  16.450  -2.956896E-07  -4.148817E-10
  16.500  -2.737970E-07  -3.754005E-10
  16.550  -2.535255E-07  -3.396764E-10
  16.600  -2.347546E-07  -3.073520E-10
  16.650  -2.173738E-07  -2.781036E-10
  16.700  -2.012796E-07  -2.516386E-10
  16.750  -1.863771E-07  -2.276920E-10
  16.800  -1.725780E-07  -2.060242E-10
  16.850  -1.598003E-07  -1.864183E-10
  16.900  -1.479689E-07  -1.686782E-10
  16.950  -1.370136E-07  -1.526265E-10
  17.000  -1.268692E-07  -1.381022E-10
  17.050  -1.174759E-07  -1.249600E-10
  17.100  -1.087782E-07  -1.130685E-10
  17.150  -1.007243E-07  -1.023086E-10
  17.200  -9.326680E-08  -9.257265E-11
  17.250  -8.636140E-08  -8.376316E-11
  17.300  -7.996734E-08  -7.579209E-11
  17.350  -7.404661E-08  -6.857950E-11
  17.400  -6.856429E-08  -6.205330E-11
  17.450  -6.348789E-08  -5.614814E-11
  17.500  -5.878728E-08  -5.080492E-11
  17.550  -5.443477E-08  -4.597021E-11
  17.600  -5.040446E-08  -4.159558E-11
  17.650  -4.667255E-08  -3.763722E-11
  17.700  -4.321696E-08  -3.405556E-11
  17.750  -4.001725E-08  -3.081477E-11
  17.800  -3.705442E-08  -2.788235E-11
  17.850  -3.431092E-08  -2.522897E-11
  17.900  -3.177058E-08  -2.282813E-11
  17.950  -2.941834E-08  -2.065575E-11
  18.000  -2.724022E-08  -1.869009E-11
  18.050  -2.522339E-08  -1.691150E-11
  18.100  -2.335587E-08  -1.530215E-11
  18.150  -2.162664E-08  -1.384596E-11
  18.200  -2.002543E-08  -1.252834E-11
  18.250  -1.854276E-08  -1.133612E-11
  18.300  -1.716988E-08  -1.025734E-11
  18.350  -1.589863E-08  -9.281225E-12
  18.400  -1.472152E-08  -8.397997E-12
  18.450  -1.363155E-08  -7.598823E-12
  18.500  -1.262228E-08  -6.875703E-12
  18.550  -1.168775E-08  -6.221391E-12
  18.600  -1.082240E-08  -5.629347E-12
  18.650  -1.002112E-08  -5.093647E-12
  18.700  -9.279172E-09  -4.608921E-12
  18.750  -8.592145E-09  -4.170322E-12
  18.800  -7.955994E-09  -3.773464E-12
  18.850  -7.366943E-09  -3.414373E-12
  18.900  -6.821500E-09  -3.089451E-12
  18.950  -6.316443E-09  -2.795451E-12
  19.000  -5.848779E-09  -2.529430E-12
  19.050  -5.415746E-09  -2.288723E-12
  19.100  -5.014768E-09  -2.070921E-12
  19.150  -4.643480E-09  -1.873847E-12
  19.200  -4.299682E-09  -1.695527E-12
  19.250  -3.981337E-09  -1.534176E-12
  19.300  -3.686564E-09  -1.388180E-12
  19.350  -3.413615E-09  -1.256078E-12
  19.400  -3.160875E-09  -1.136546E-12
  19.450  -2.926847E-09  -1.028389E-12
  19.500  -2.710145E-09  -9.305247E-13
  19.550  -2.509489E-09  -8.419741E-13
  19.600  -1.653197E-10  -2.420566E-13
  19.650  -1.742005E-08  -4.377366E-12
  19.700  -1.613029E-08  -3.960804E-12
  19.750   2.330953E-09   5.744601E-13
  19.800  -0.000000E+00   0.000000E+00
  19.850  -0.000000E+00   0.000000E+00
  19.900  -0.000000E+00   0.000000E+00
  19.950  -0.000000E+00   0.000000E+00
  20.000   0.000000E+00   0.000000E+00
  20.050   0.000000E+00   0.000000E+00
 &
# Potential at   4: KP=  1 of type  2 and multipole =  0
   0.000   0.000000E+00   0.000000E+00
   0.050   0.000000E+00   0.000000E+00
   0.100   0.000000E+00   0.000000E+00
   0.150   0.000000E+00   0.000000E+00
   0.200   0.000000E+00   0.000000E+00
   0.250   0.000000E+00   0.000000E+00
   0.300   0.000000E+00   0.000000E+00
   0.350   0.000000E+00   0.000000E+00
   0.400   0.000000E+00   0.000000E+00
   0.450   0.000000E+00   0.000000E+00
   0.500   0.000000E+00   0.000000E+00
   0.550   0.000000E+00   0.000000E+00
   0.600   0.000000E+00   0.000000E+00
   0.650   0.000000E+00   0.000000E+00
   0.700   0.000000E+00   0.000000E+00
   0.750   0.000000E+00   0.000000E+00
   0.800   0.000000E+00   0.000000E+00
   0.850   0.000000E+00   0.000000E+00
   0.900   0.000000E+00   0.000000E+00
   0.950   0.000000E+00   0.000000E+00
   1.000   0.000000E+00   0.000000E+00
   1.050   0.000000E+00   0.000000E+00
   1.100   0.000000E+00   0.000000E+00
   1.150   0.000000E+00   0.000000E+00
   1.200   0.000000E+00   0.000000E+00
   1.250   0.000000E+00   0.000000E+00
   1.300   0.000000E+00   0.000000E+00
   1.350   0.000000E+00   0.000000E+00
   1.400   0.000000E+00   0.000000E+00
   1.450   0.000000E+00   0.000000E+00
   1.500   0.000000E+00   0.000000E+00
   1.550   0.000000E+00   0.000000E+00
   1.600   0.000000E+00   0.000000E+00
   1.650   0.000000E+00   0.000000E+00
   1.700   0.000000E+00   0.000000E+00
   1.750   0.000000E+00   0.000000E+00
   1.800   0.000000E+00   0.000000E+00
   1.850   0.000000E+00   0.000000E+00
   1.900   0.000000E+00   0.000000E+00
   1.950   0.000000E+00   0.000000E+00
   2.000   0.000000E+00   0.000000E+00
   2.050   0.000000E+00   0.000000E+00
   2.100   0.000000E+00   0.000000E+00
   2.150   0.000000E+00   0.000000E+00
   2.200   0.000000E+00   0.000000E+00
   2.250   0.000000E+00   0.000000E+00
   2.300   0.000000E+00   0.000000E+00
   2.350   0.000000E+00   0.000000E+00
   2.400   0.000000E+00   0.000000E+00
   2.450   0.000000E+00   0.000000E+00
   2.500   0.000000E+00   0.000000E+00
   2.550   0.000000E+00   0.000000E+00
   2.600   0.000000E+00   0.000000E+00
   2.650   0.000000E+00   0.000000E+00
   2.700   0.000000E+00   0.000000E+00
   2.750   0.000000E+00   0.000000E+00
   2.800   0.000000E+00   0.000000E+00
   2.850   0.000000E+00   0.000000E+00
   2.900   0.000000E+00   0.000000E+00
   2.950   0.000000E+00   0.000000E+00
   3.000   0.000000E+00   0.000000E+00
   3.050   0.000000E+00   0.000000E+00
   3.100   0.000000E+00   0.000000E+00
   3.150   0.000000E+00   0.000000E+00
   3.200   0.000000E+00   0.000000E+00
   3.250   0.000000E+00   0.000000E+00
   3.300   0.000000E+00   0.000000E+00
   3.350   0.000000E+00   0.000000E+00
   3.400   0.000000E+00   0.000000E+00
   3.450   0.000000E+00   0.000000E+00
   3.500   0.000000E+00   0.000000E+00
   3.550   0.000000E+00   0.000000E+00
   3.600   0.000000E+00   0.000000E+00
   3.650   0.000000E+00   0.000000E+00
   3.700   0.000000E+00   0.000000E+00
   3.750   0.000000E+00   0.000000E+00
   3.800   0.000000E+00   0.000000E+00
   3.850   0.000000E+00   0.000000E+00
   3.900   0.000000E+00   0.000000E+00
   3.950   0.000000E+00   0.000000E+00
   4.000   0.000000E+00   0.000000E+00
   4.050   0.000000E+00   0.000000E+00
   4.100   0.000000E+00   0.000000E+00
   4.150   0.000000E+00   0.000000E+00
   4.200   0.000000E+00   0.000000E+00
   4.250   0.000000E+00   0.000000E+00
   4.300   0.000000E+00   0.000000E+00
   4.350   0.000000E+00   0.000000E+00
   4.400   0.000000E+00   0.000000E+00
   4.450   0.000000E+00   0.000000E+00
   4.500   0.000000E+00   0.000000E+00
   4.550   0.000000E+00   0.000000E+00
   4.600   0.000000E+00   0.000000E+00
   4.650   0.000000E+00   0.000000E+00
   4.700   0.000000E+00   0.000000E+00
   4.750   0.000000E+00   0.000000E+00
   4.800   0.000000E+00   0.000000E+00
   4.850   0.000000E+00   0.000000E+00
   4.900   0.000000E+00   0.000000E+00
   4.950   0.000000E+00   0.000000E+00
   5.000   0.000000E+00   0.000000E+00
   5.050   0.000000E+00   0.000000E+00
   5.100   0.000000E+00   0.000000E+00
   5.150   0.000000E+00   0.000000E+00
   5.200   0.000000E+00   0.000000E+00
   5.250   0.000000E+00   0.000000E+00
   5.300   0.000000E+00   0.000000E+00
   5.350   0.000000E+00   0.000000E+00
   5.400   0.000000E+00   0.000000E+00
   5.450   0.000000E+00   0.000000E+00
   5.500   0.000000E+00   0.000000E+00
   5.550   0.000000E+00   0.000000E+00
   5.600   0.000000E+00   0.000000E+00
   5.650   0.000000E+00   0.000000E+00
   5.700   0.000000E+00   0.000000E+00
   5.750   0.000000E+00   0.000000E+00
   5.800   0.000000E+00   0.000000E+00
   5.850   0.000000E+00   0.000000E+00
   5.900   0.000000E+00   0.000000E+00
   5.950   0.000000E+00   0.000000E+00
   6.000   0.000000E+00   0.000000E+00
   6.050   0.000000E+00   0.000000E+00
   6.100   0.000000E+00   0.000000E+00
   6.150   0.000000E+00   0.000000E+00
   6.200   0.000000E+00   0.000000E+00
   6.250   0.000000E+00   0.000000E+00
   6.300   0.000000E+00   0.000000E+00
   6.350   0.000000E+00   0.000000E+00
   6.400   0.000000E+00   0.000000E+00
   6.450   0.000000E+00   0.000000E+00
   6.500   0.000000E+00   0.000000E+00
   6.550   0.000000E+00   0.000000E+00
   6.600   0.000000E+00   0.000000E+00
   6.650   0.000000E+00   0.000000E+00
   6.700   0.000000E+00   0.000000E+00
   6.750   0.000000E+00   0.000000E+00
   6.800   0.000000E+00   0.000000E+00
   6.850   0.000000E+00   0.000000E+00
   6.900   0.000000E+00   0.000000E+00
   6.950   0.000000E+00   0.000000E+00
   7.000   0.000000E+00   0.000000E+00
   7.050   0.000000E+00   0.000000E+00
   7.100   0.000000E+00   0.000000E+00
   7.150   0.000000E+00   0.000000E+00
   7.200   0.000000E+00   0.000000E+00
   7.250   0.000000E+00   0.000000E+00
   7.300   0.000000E+00   0.000000E+00
   7.350   0.000000E+00   0.000000E+00
   7.400   0.000000E+00   0.000000E+00
   7.450   0.000000E+00   0.000000E+00
   7.500   0.000000E+00   0.000000E+00
   7.550   0.000000E+00   0.000000E+00
   7.600   0.000000E+00   0.000000E+00
   7.650   0.000000E+00   0.000000E+00
   7.700   0.000000E+00   0.000000E+00
   7.750   0.000000E+00   0.000000E+00
   7.800   0.000000E+00   0.000000E+00
   7.850   0.000000E+00   0.000000E+00
   7.900   0.000000E+00   0.000000E+00
   7.950   0.000000E+00   0.000000E+00
   8.000   0.000000E+00   0.000000E+00
   8.050   0.000000E+00   0.000000E+00
   8.100   0.000000E+00   0.000000E+00
   8.150   0.000000E+00   0.000000E+00
   8.200   0.000000E+00   0.000000E+00
   8.250   0.000000E+00   0.000000E+00
   8.300   0.000000E+00   0.000000E+00
   8.350   0.000000E+00   0.000000E+00
   8.400   0.000000E+00   0.000000E+00
   8.450   0.000000E+00   0.000000E+00
   8.500   0.000000E+00   0.000000E+00
   8.550   0.000000E+00   0.000000E+00
   8.600   0.000000E+00   0.000000E+00
   8.650   0.000000E+00   0.000000E+00
   8.700   0.000000E+00   0.000000E+00
   8.750   0.000000E+00   0.000000E+00
   8.800   0.000000E+00   0.000000E+00
   8.850   0.000000E+00   0.000000E+00
   8.900   0.000000E+00   0.000000E+00
   8.950   0.000000E+00   0.000000E+00
   9.000   0.000000E+00   0.000000E+00
   9.050   0.000000E+00   0.000000E+00
   9.100   0.000000E+00   0.000000E+00
   9.150   0.000000E+00   0.000000E+00
   9.200   0.000000E+00   0.000000E+00
   9.250   0.000000E+00   0.000000E+00
   9.300   0.000000E+00   0.000000E+00
   9.350   0.000000E+00   0.000000E+00
   9.400   0.000000E+00   0.000000E+00
   9.450   0.000000E+00   0.000000E+00
   9.500   0.000000E+00   0.000000E+00
   9.550   0.000000E+00   0.000000E+00
   9.600   0.000000E+00   0.000000E+00
   9.650   0.000000E+00   0.000000E+00
   9.700   0.000000E+00   0.000000E+00
   9.750   0.000000E+00   0.000000E+00
   9.800   0.000000E+00   0.000000E+00
   9.850   0.000000E+00   0.000000E+00
   9.900   0.000000E+00   0.000000E+00
   9.950   0.000000E+00   0.000000E+00
  10.000   0.000000E+00   0.000000E+00
  10.050   0.000000E+00   0.000000E+00
  10.100   0.000000E+00   0.000000E+00
  10.150   0.000000E+00   0.000000E+00
  10.200   0.000000E+00   0.000000E+00
  10.250   0.000000E+00   0.000000E+00
  10.300   0.000000E+00   0.000000E+00
  10.350   0.000000E+00   0.000000E+00
  10.400   0.000000E+00   0.000000E+00
  10.450   0.000000E+00   0.000000E+00
  10.500   0.000000E+00   0.000000E+00
  10.550   0.000000E+00   0.000000E+00
  10.600   0.000000E+00   0.000000E+00
  10.650   0.000000E+00   0.000000E+00
  10.700   0.000000E+00   0.000000E+00
  10.750   0.000000E+00   0.000000E+00
  10.800   0.000000E+00   0.000000E+00
  10.850   0.000000E+00   0.000000E+00
  10.900   0.000000E+00   0.000000E+00
  10.950   0.000000E+00   0.000000E+00
  11.000   0.000000E+00   0.000000E+00
  11.050   0.000000E+00   0.000000E+00
  11.100   0.000000E+00   0.000000E+00
  11.150   0.000000E+00   0.000000E+00
  11.200   0.000000E+00   0.000000E+00
  11.250   0.000000E+00   0.000000E+00
  11.300   0.000000E+00   0.000000E+00
  11.350   0.000000E+00   0.000000E+00
  11.400   0.000000E+00   0.000000E+00
  11.450   0.000000E+00   0.000000E+00
  11.500   0.000000E+00   0.000000E+00
  11.550   0.000000E+00   0.000000E+00
  11.600   0.000000E+00   0.000000E+00
  11.650   0.000000E+00   0.000000E+00
  11.700   0.000000E+00   0.000000E+00
  11.750   0.000000E+00   0.000000E+00
  11.800   0.000000E+00   0.000000E+00
  11.850   0.000000E+00   0.000000E+00
  11.900   0.000000E+00   0.000000E+00
  11.950   0.000000E+00   0.000000E+00
  12.000   0.000000E+00   0.000000E+00
  12.050   0.000000E+00   0.000000E+00
  12.100   0.000000E+00   0.000000E+00
  12.150   0.000000E+00   0.000000E+00
  12.200   0.000000E+00   0.000000E+00
  12.250   0.000000E+00   0.000000E+00
  12.300   0.000000E+00   0.000000E+00
  12.350   0.000000E+00   0.000000E+00
  12.400   0.000000E+00   0.000000E+00
  12.450   0.000000E+00   0.000000E+00
  12.500   0.000000E+00   0.000000E+00
  12.550   0.000000E+00   0.000000E+00
  12.600   0.000000E+00   0.000000E+00
  12.650   0.000000E+00   0.000000E+00
  12.700   0.000000E+00   0.000000E+00
  12.750   0.000000E+00   0.000000E+00
  12.800   0.000000E+00   0.000000E+00
  12.850   0.000000E+00   0.000000E+00
  12.900   0.000000E+00   0.000000E+00
  12.950   0.000000E+00   0.000000E+00
  13.000   0.000000E+00   0.000000E+00
  13.050   0.000000E+00   0.000000E+00
  13.100   0.000000E+00   0.000000E+00
  13.150   0.000000E+00   0.000000E+00
  13.200   0.000000E+00   0.000000E+00
  13.250   0.000000E+00   0.000000E+00
  13.300   0.000000E+00   0.000000E+00
  13.350   0.000000E+00   0.000000E+00
  13.400   0.000000E+00   0.000000E+00
  13.450   0.000000E+00   0.000000E+00
  13.500   0.000000E+00   0.000000E+00
  13.550   0.000000E+00   0.000000E+00
  13.600   0.000000E+00   0.000000E+00
  13.650   0.000000E+00   0.000000E+00
  13.700   0.000000E+00   0.000000E+00
  13.750   0.000000E+00   0.000000E+00
  13.800   0.000000E+00   0.000000E+00
  13.850   0.000000E+00   0.000000E+00
  13.900   0.000000E+00   0.000000E+00
  13.950   0.000000E+00   0.000000E+00
  14.000   0.000000E+00   0.000000E+00
  14.050   0.000000E+00   0.000000E+00
  14.100   0.000000E+00   0.000000E+00
  14.150   0.000000E+00   0.000000E+00
  14.200   0.000000E+00   0.000000E+00
  14.250   0.000000E+00   0.000000E+00
  14.300   0.000000E+00   0.000000E+00
  14.350   0.000000E+00   0.000000E+00
  14.400   0.000000E+00   0.000000E+00
  14.450   0.000000E+00   0.000000E+00
  14.500   0.000000E+00   0.000000E+00
  14.550   0.000000E+00   0.000000E+00
  14.600   0.000000E+00   0.000000E+00
  14.650   0.000000E+00   0.000000E+00
  14.700   0.000000E+00   0.000000E+00
  14.750   0.000000E+00   0.000000E+00
  14.800   0.000000E+00   0.000000E+00
  14.850   0.000000E+00   0.000000E+00
  14.900   0.000000E+00   0.000000E+00
  14.950   0.000000E+00   0.000000E+00
  15.000   0.000000E+00   0.000000E+00
  15.050   0.000000E+00   0.000000E+00
  15.100   0.000000E+00   0.000000E+00
  15.150   0.000000E+00   0.000000E+00
  15.200   0.000000E+00   0.000000E+00
  15.250   0.000000E+00   0.000000E+00
  15.300   0.000000E+00   0.000000E+00
  15.350   0.000000E+00   0.000000E+00
  15.400   0.000000E+00   0.000000E+00
  15.450   0.000000E+00   0.000000E+00
  15.500   0.000000E+00   0.000000E+00
  15.550   0.000000E+00   0.000000E+00
  15.600   0.000000E+00   0.000000E+00
  15.650   0.000000E+00   0.000000E+00
  15.700   0.000000E+00   0.000000E+00
  15.750   0.000000E+00   0.000000E+00
  15.800   0.000000E+00   0.000000E+00
  15.850   0.000000E+00   0.000000E+00
  15.900   0.000000E+00   0.000000E+00
  15.950   0.000000E+00   0.000000E+00
  16.000   0.000000E+00   0.000000E+00
  16.050   0.000000E+00   0.000000E+00
  16.100   0.000000E+00   0.000000E+00
  16.150   0.000000E+00   0.000000E+00
  16.200   0.000000E+00   0.000000E+00
  16.250   0.000000E+00   0.000000E+00
  16.300   0.000000E+00   0.000000E+00
  16.350   0.000000E+00   0.000000E+00
  16.400   0.000000E+00   0.000000E+00
  16.450   0.000000E+00   0.000000E+00
  16.500   0.000000E+00   0.000000E+00
  16.550   0.000000E+00   0.000000E+00
  16.600   0.000000E+00   0.000000E+00
  16.650   0.000000E+00   0.000000E+00
  16.700   0.000000E+00   0.000000E+00
  16.750   0.000000E+00   0.000000E+00
  16.800   0.000000E+00   0.000000E+00
  16.850   0.000000E+00   0.000000E+00
  16.900   0.000000E+00   0.000000E+00
  16.950   0.000000E+00   0.000000E+00
  17.000   0.000000E+00   0.000000E+00
  17.050   0.000000E+00   0.000000E+00
  17.100   0.000000E+00   0.000000E+00
  17.150   0.000000E+00   0.000000E+00
  17.200   0.000000E+00   0.000000E+00
  17.250   0.000000E+00   0.000000E+00
  17.300   0.000000E+00   0.000000E+00
  17.350   0.000000E+00   0.000000E+00
  17.400   0.000000E+00   0.000000E+00
  17.450   0.000000E+00   0.000000E+00
  17.500   0.000000E+00   0.000000E+00
  17.550   0.000000E+00   0.000000E+00
  17.600   0.000000E+00   0.000000E+00
  17.650   0.000000E+00   0.000000E+00
  17.700   0.000000E+00   0.000000E+00
  17.750   0.000000E+00   0.000000E+00
  17.800   0.000000E+00   0.000000E+00
  17.850   0.000000E+00   0.000000E+00
  17.900   0.000000E+00   0.000000E+00
  17.950   0.000000E+00   0.000000E+00
  18.000   0.000000E+00   0.000000E+00
  18.050   0.000000E+00   0.000000E+00
  18.100   0.000000E+00   0.000000E+00
  18.150   0.000000E+00   0.000000E+00
  18.200   0.000000E+00   0.000000E+00
  18.250   0.000000E+00   0.000000E+00
  18.300   0.000000E+00   0.000000E+00
  18.350   0.000000E+00   0.000000E+00
  18.400   0.000000E+00   0.000000E+00
  18.450   0.000000E+00   0.000000E+00
  18.500   0.000000E+00   0.000000E+00
  18.550   0.000000E+00   0.000000E+00
  18.600   0.000000E+00   0.000000E+00
  18.650   0.000000E+00   0.000000E+00
  18.700   0.000000E+00   0.000000E+00
  18.750   0.000000E+00   0.000000E+00
  18.800   0.000000E+00   0.000000E+00
  18.850   0.000000E+00   0.000000E+00
  18.900   0.000000E+00   0.000000E+00
  18.950   0.000000E+00   0.000000E+00
  19.000   0.000000E+00   0.000000E+00
  19.050   0.000000E+00   0.000000E+00
  19.100   0.000000E+00   0.000000E+00
  19.150   0.000000E+00   0.000000E+00
  19.200   0.000000E+00   0.000000E+00
  19.250   0.000000E+00   0.000000E+00
  19.300   0.000000E+00   0.000000E+00
  19.350   0.000000E+00   0.000000E+00
  19.400   0.000000E+00   0.000000E+00
  19.450   0.000000E+00   0.000000E+00
  19.500   0.000000E+00   0.000000E+00
  19.550   0.000000E+00   0.000000E+00
  19.600   0.000000E+00   0.000000E+00
  19.650   0.000000E+00   0.000000E+00
  19.700   0.000000E+00   0.000000E+00
  19.750   0.000000E+00   0.000000E+00
  19.800   0.000000E+00   0.000000E+00
  19.850   0.000000E+00   0.000000E+00
  19.900   0.000000E+00   0.000000E+00
  19.950   0.000000E+00   0.000000E+00
  20.000   0.000000E+00   0.000000E+00
  20.050   0.000000E+00   0.000000E+00
 &
# Potential at   5: KP=  1 of type 11 and multipole =  2
   0.000   0.000000E+00   0.000000E+00
   0.050   0.000000E+00   0.000000E+00
   0.100  -0.000000E+00   0.000000E+00
   0.150  -0.000000E+00   0.000000E+00
   0.200  -0.000000E+00   0.000000E+00
   0.250  -0.000000E+00   0.000000E+00
   0.300  -0.000000E+00   0.000000E+00
   0.350  -0.000000E+00   0.000000E+00
   0.400  -0.000000E+00   0.000000E+00
   0.450  -0.000000E+00   0.000000E+00
   0.500  -0.000000E+00   0.000000E+00
   0.550  -0.000000E+00   0.000000E+00
   0.600  -0.000000E+00   0.000000E+00
   0.650  -0.000000E+00   0.000000E+00
   0.700  -0.000000E+00   0.000000E+00
   0.750  -0.000000E+00   0.000000E+00
   0.800  -0.000000E+00   0.000000E+00
   0.850  -0.000000E+00   0.000000E+00
   0.900  -0.000000E+00   0.000000E+00
   0.950  -0.000000E+00   0.000000E+00
   1.000  -0.000000E+00   0.000000E+00
   1.050  -0.000000E+00   0.000000E+00
   1.100  -0.000000E+00   0.000000E+00
   1.150  -0.000000E+00   0.000000E+00
   1.200  -0.000000E+00   0.000000E+00
   1.250  -0.000000E+00   0.000000E+00
   1.300  -0.000000E+00   0.000000E+00
   1.350  -0.000000E+00   0.000000E+00
   1.400  -0.000000E+00   0.000000E+00
   1.450  -0.000000E+00   0.000000E+00
   1.500  -0.000000E+00   0.000000E+00
   1.550  -0.000000E+00   0.000000E+00
   1.600  -0.000000E+00   0.000000E+00
   1.650  -0.000000E+00   0.000000E+00
   1.700  -0.000000E+00   0.000000E+00
   1.750  -0.000000E+00   0.000000E+00
   1.800  -0.000000E+00   0.000000E+00
   1.850  -0.000000E+00   0.000000E+00
   1.900  -0.000000E+00   0.000000E+00
   1.950  -0.000000E+00   0.000000E+00
   2.000  -0.000000E+00   0.000000E+00
   2.050  -0.000000E+00   0.000000E+00
   2.100  -0.000000E+00   0.000000E+00
   2.150  -0.000000E+00   0.000000E+00
   2.200  -0.000000E+00   0.000000E+00
   2.250  -0.000000E+00   0.000000E+00
   2.300  -0.000000E+00   0.000000E+00
   2.350  -0.000000E+00   0.000000E+00
   2.400  -0.000000E+00   0.000000E+00
   2.450  -0.000000E+00   0.000000E+00
   2.500  -0.000000E+00   0.000000E+00
   2.550  -0.000000E+00   0.000000E+00
   2.600  -0.000000E+00   0.000000E+00
   2.650  -0.000000E+00   0.000000E+00
   2.700  -0.000000E+00   0.000000E+00
   2.750  -0.000000E+00   0.000000E+00
   2.800  -0.000000E+00   0.000000E+00
   2.850  -0.000000E+00   0.000000E+00
   2.900  -0.000000E+00   0.000000E+00
   2.950  -0.000000E+00   0.000000E+00
   3.000  -0.000000E+00   0.000000E+00
   3.050  -0.000000E+00   0.000000E+00
   3.100  -0.000000E+00   0.000000E+00
   3.150  -0.000000E+00   0.000000E+00
   3.200  -0.000000E+00   0.000000E+00
   3.250  -0.000000E+00   0.000000E+00
   3.300  -0.000000E+00   0.000000E+00
   3.350  -0.000000E+00   0.000000E+00
   3.400  -0.000000E+00   0.000000E+00
   3.450  -0.000000E+00   0.000000E+00
   3.500  -0.000000E+00   0.000000E+00
   3.550  -0.000000E+00   0.000000E+00
   3.600  -0.000000E+00   0.000000E+00
   3.650  -0.000000E+00   0.000000E+00
   3.700  -0.000000E+00   0.000000E+00
   3.750  -0.000000E+00   0.000000E+00
   3.800  -0.000000E+00   0.000000E+00
   3.850  -0.000000E+00   0.000000E+00
   3.900  -0.000000E+00   0.000000E+00
   3.950  -0.000000E+00   0.000000E+00
   4.000  -0.000000E+00   0.000000E+00
   4.050  -0.000000E+00   0.000000E+00
   4.100  -0.000000E+00   0.000000E+00
   4.150  -0.000000E+00   0.000000E+00
   4.200  -0.000000E+00   0.000000E+00
   4.250  -0.000000E+00   0.000000E+00
   4.300  -0.000000E+00   0.000000E+00
   4.350  -0.000000E+00   0.000000E+00
   4.400  -0.000000E+00   0.000000E+00
   4.450  -0.000000E+00   0.000000E+00
   4.500  -0.000000E+00   0.000000E+00
   4.550  -0.000000E+00   0.000000E+00
   4.600  -0.000000E+00   0.000000E+00
   4.650  -0.000000E+00   0.000000E+00
   4.700  -0.000000E+00   0.000000E+00
   4.750  -0.000000E+00   0.000000E+00
   4.800  -0.000000E+00   0.000000E+00
   4.850  -0.000000E+00   0.000000E+00
   4.900  -0.000000E+00   0.000000E+00
   4.950  -0.000000E+00   0.000000E+00
   5.000  -0.000000E+00   0.000000E+00
   5.050  -0.000000E+00   0.000000E+00
   5.100  -0.000000E+00   0.000000E+00
   5.150  -0.000000E+00   0.000000E+00
   5.200  -0.000000E+00   0.000000E+00
   5.250  -0.000000E+00   0.000000E+00
   5.300  -0.000000E+00   0.000000E+00
   5.350  -0.000000E+00   0.000000E+00
   5.400  -0.000000E+00   0.000000E+00
   5.450  -0.000000E+00   0.000000E+00
   5.500  -0.000000E+00   0.000000E+00
   5.550  -0.000000E+00   0.000000E+00
   5.600  -0.000000E+00   0.000000E+00
   5.650  -0.000000E+00   0.000000E+00
   5.700  -0.000000E+00   0.000000E+00
   5.750  -0.000000E+00   0.000000E+00
   5.800  -0.000000E+00   0.000000E+00
   5.850  -0.000000E+00   0.000000E+00
   5.900  -0.000000E+00   0.000000E+00
   5.950  -0.000000E+00   0.000000E+00
   6.000  -0.000000E+00   0.000000E+00
   6.050  -0.000000E+00   0.000000E+00
   6.100  -0.000000E+00   0.000000E+00
   6.150  -0.000000E+00   0.000000E+00
   6.200  -0.000000E+00   0.000000E+00
   6.250  -0.000000E+00   0.000000E+00
   6.300  -0.000000E+00   0.000000E+00
   6.350  -0.000000E+00   0.000000E+00
   6.400  -0.000000E+00   0.000000E+00
   6.450  -0.000000E+00   0.000000E+00
   6.500  -0.000000E+00   0.000000E+00
   6.550  -0.000000E+00   0.000000E+00
   6.600  -0.000000E+00   0.000000E+00
   6.650  -0.000000E+00   0.000000E+00
   6.700  -0.000000E+00   0.000000E+00
   6.750  -0.000000E+00   0.000000E+00
   6.800  -0.000000E+00   0.000000E+00
   6.850  -0.000000E+00   0.000000E+00
   6.900  -0.000000E+00   0.000000E+00
   6.950  -0.000000E+00   0.000000E+00
   7.000  -0.000000E+00   0.000000E+00
   7.050  -0.000000E+00   0.000000E+00
   7.100  -0.000000E+00   0.000000E+00
   7.150  -0.000000E+00   0.000000E+00
   7.200  -0.000000E+00   0.000000E+00
   7.250  -0.000000E+00   0.000000E+00
   7.300  -0.000000E+00   0.000000E+00
   7.350  -0.000000E+00   0.000000E+00
   7.400  -0.000000E+00   0.000000E+00
   7.450  -0.000000E+00   0.000000E+00
   7.500  -0.000000E+00   0.000000E+00
   7.550  -0.000000E+00   0.000000E+00
   7.600  -0.000000E+00   0.000000E+00
   7.650  -0.000000E+00   0.000000E+00
   7.700  -0.000000E+00   0.000000E+00
   7.750  -0.000000E+00   0.000000E+00
   7.800  -0.000000E+00   0.000000E+00
   7.850  -0.000000E+00   0.000000E+00
   7.900  -0.000000E+00   0.000000E+00
   7.950  -0.000000E+00   0.000000E+00
   8.000  -0.000000E+00   0.000000E+00
   8.050  -0.000000E+00   0.000000E+00
   8.100  -0.000000E+00   0.000000E+00
   8.150  -0.000000E+00   0.000000E+00
   8.200  -0.000000E+00   0.000000E+00
   8.250  -0.000000E+00   0.000000E+00
   8.300  -0.000000E+00   0.000000E+00
   8.350  -0.000000E+00   0.000000E+00
   8.400  -0.000000E+00   0.000000E+00
   8.450  -0.000000E+00   0.000000E+00
   8.500  -0.000000E+00   0.000000E+00
   8.550  -0.000000E+00   0.000000E+00
   8.600  -0.000000E+00   0.000000E+00
   8.650  -0.000000E+00   0.000000E+00
   8.700  -0.000000E+00   0.000000E+00
   8.750  -0.000000E+00   0.000000E+00
   8.800  -0.000000E+00   0.000000E+00
   8.850  -0.000000E+00   0.000000E+00
   8.900  -0.000000E+00   0.000000E+00
   8.950  -0.000000E+00   0.000000E+00
   9.000  -0.000000E+00   0.000000E+00
   9.050  -0.000000E+00   0.000000E+00
   9.100  -0.000000E+00   0.000000E+00
   9.150  -0.000000E+00   0.000000E+00
   9.200  -0.000000E+00   0.000000E+00
   9.250  -0.000000E+00   0.000000E+00
   9.300  -0.000000E+00   0.000000E+00
   9.350  -0.000000E+00   0.000000E+00
   9.400  -0.000000E+00   0.000000E+00
   9.450  -0.000000E+00   0.000000E+00
   9.500  -0.000000E+00   0.000000E+00
   9.550  -0.000000E+00   0.000000E+00
   9.600  -0.000000E+00   0.000000E+00
   9.650  -0.000000E+00   0.000000E+00
   9.700  -0.000000E+00   0.000000E+00
   9.750  -0.000000E+00   0.000000E+00
   9.800  -0.000000E+00   0.000000E+00
   9.850  -0.000000E+00   0.000000E+00
   9.900  -0.000000E+00   0.000000E+00
   9.950  -0.000000E+00   0.000000E+00
  10.000  -0.000000E+00   0.000000E+00
  10.050  -0.000000E+00   0.000000E+00
  10.100  -0.000000E+00   0.000000E+00
  10.150  -0.000000E+00   0.000000E+00
  10.200  -0.000000E+00   0.000000E+00
  10.250  -0.000000E+00   0.000000E+00
  10.300  -0.000000E+00   0.000000E+00
  10.350  -0.000000E+00   0.000000E+00
  10.400  -0.000000E+00   0.000000E+00
  10.450  -0.000000E+00   0.000000E+00
  10.500  -0.000000E+00   0.000000E+00
  10.550  -0.000000E+00   0.000000E+00
  10.600  -0.000000E+00   0.000000E+00
  10.650  -0.000000E+00   0.000000E+00
  10.700  -0.000000E+00   0.000000E+00
  10.750  -0.000000E+00   0.000000E+00
  10.800  -0.000000E+00   0.000000E+00
  10.850  -0.000000E+00   0.000000E+00
  10.900  -0.000000E+00   0.000000E+00
  10.950  -0.000000E+00   0.000000E+00
  11.000  -0.000000E+00   0.000000E+00
  11.050  -0.000000E+00   0.000000E+00
  11.100  -0.000000E+00   0.000000E+00
  11.150  -0.000000E+00   0.000000E+00
  11.200  -0.000000E+00   0.000000E+00
  11.250  -0.000000E+00   0.000000E+00
  11.300  -0.000000E+00   0.000000E+00
  11.350  -0.000000E+00   0.000000E+00
  11.400  -0.000000E+00   0.000000E+00
  11.450  -0.000000E+00   0.000000E+00
  11.500  -0.000000E+00   0.000000E+00
  11.550  -0.000000E+00   0.000000E+00
  11.600  -0.000000E+00   0.000000E+00
  11.650  -0.000000E+00   0.000000E+00
  11.700  -0.000000E+00   0.000000E+00
  11.750  -0.000000E+00   0.000000E+00
  11.800  -0.000000E+00   0.000000E+00
  11.850  -0.000000E+00   0.000000E+00
  11.900  -0.000000E+00   0.000000E+00
  11.950  -0.000000E+00   0.000000E+00
  12.000  -0.000000E+00   0.000000E+00
  12.050  -0.000000E+00   0.000000E+00
  12.100  -0.000000E+00   0.000000E+00
  12.150  -0.000000E+00   0.000000E+00
  12.200  -0.000000E+00   0.000000E+00
  12.250  -0.000000E+00   0.000000E+00
  12.300  -0.000000E+00   0.000000E+00
  12.350  -0.000000E+00   0.000000E+00
  12.400  -0.000000E+00   0.000000E+00
  12.450  -0.000000E+00   0.000000E+00
  12.500  -0.000000E+00   0.000000E+00
  12.550  -0.000000E+00   0.000000E+00
  12.600  -0.000000E+00   0.000000E+00
  12.650  -0.000000E+00   0.000000E+00
  12.700  -0.000000E+00   0.000000E+00
  12.750  -0.000000E+00   0.000000E+00
  12.800  -0.000000E+00   0.000000E+00
  12.850  -0.000000E+00   0.000000E+00
  12.900  -0.000000E+00   0.000000E+00
  12.950  -0.000000E+00   0.000000E+00
  13.000  -0.000000E+00   0.000000E+00
  13.050  -0.000000E+00   0.000000E+00
  13.100  -0.000000E+00   0.000000E+00
  13.150  -0.000000E+00   0.000000E+00
  13.200  -0.000000E+00   0.000000E+00
  13.250  -0.000000E+00   0.000000E+00
  13.300  -0.000000E+00   0.000000E+00
  13.350  -0.000000E+00   0.000000E+00
  13.400  -0.000000E+00   0.000000E+00
  13.450  -0.000000E+00   0.000000E+00
  13.500  -0.000000E+00   0.000000E+00
  13.550  -0.000000E+00   0.000000E+00
  13.600  -0.000000E+00   0.000000E+00
  13.650  -0.000000E+00   0.000000E+00
  13.700  -0.000000E+00   0.000000E+00
  13.750  -0.000000E+00   0.000000E+00
  13.800  -0.000000E+00   0.000000E+00
  13.850  -0.000000E+00   0.000000E+00
  13.900  -0.000000E+00   0.000000E+00
  13.950  -0.000000E+00   0.000000E+00
  14.000  -0.000000E+00   0.000000E+00
  14.050  -0.000000E+00   0.000000E+00
  14.100  -0.000000E+00   0.000000E+00
  14.150  -0.000000E+00   0.000000E+00
  14.200  -0.000000E+00   0.000000E+00
  14.250  -0.000000E+00   0.000000E+00
  14.300  -0.000000E+00   0.000000E+00
  14.350  -0.000000E+00   0.000000E+00
  14.400  -0.000000E+00   0.000000E+00
  14.450  -0.000000E+00   0.000000E+00
  14.500  -0.000000E+00   0.000000E+00
  14.550  -0.000000E+00   0.000000E+00
  14.600  -0.000000E+00   0.000000E+00
  14.650  -0.000000E+00   0.000000E+00
  14.700  -0.000000E+00   0.000000E+00
  14.750  -0.000000E+00   0.000000E+00
  14.800  -0.000000E+00   0.000000E+00
  14.850  -0.000000E+00   0.000000E+00
  14.900  -0.000000E+00   0.000000E+00
  14.950  -0.000000E+00   0.000000E+00
  15.000  -0.000000E+00   0.000000E+00
  15.050  -0.000000E+00   0.000000E+00
  15.100  -0.000000E+00   0.000000E+00
  15.150  -0.000000E+00   0.000000E+00
  15.200  -0.000000E+00   0.000000E+00
  15.250  -0.000000E+00   0.000000E+00
  15.300  -0.000000E+00   0.000000E+00
  15.350  -0.000000E+00   0.000000E+00
  15.400  -0.000000E+00   0.000000E+00
  15.450  -0.000000E+00   0.000000E+00
  15.500  -0.000000E+00   0.000000E+00
  15.550  -0.000000E+00   0.000000E+00
  15.600  -0.000000E+00   0.000000E+00
  15.650  -0.000000E+00   0.000000E+00
  15.700  -0.000000E+00   0.000000E+00
  15.750  -0.000000E+00   0.000000E+00
  15.800  -0.000000E+00   0.000000E+00
  15.850  -0.000000E+00   0.000000E+00
  15.900  -0.000000E+00   0.000000E+00
  15.950  -0.000000E+00   0.000000E+00
  16.000  -0.000000E+00   0.000000E+00
  16.050  -0.000000E+00   0.000000E+00
  16.100  -0.000000E+00   0.000000E+00
  16.150  -0.000000E+00   0.000000E+00
  16.200  -0.000000E+00   0.000000E+00
  16.250  -0.000000E+00   0.000000E+00
  16.300  -0.000000E+00   0.000000E+00
  16.350  -0.000000E+00   0.000000E+00
  16.400  -0.000000E+00   0.000000E+00
  16.450  -0.000000E+00   0.000000E+00
  16.500  -0.000000E+00   0.000000E+00
  16.550  -0.000000E+00   0.000000E+00
  16.600  -0.000000E+00   0.000000E+00
  16.650  -0.000000E+00   0.000000E+00
  16.700  -0.000000E+00   0.000000E+00
  16.750  -0.000000E+00   0.000000E+00
  16.800  -0.000000E+00   0.000000E+00
  16.850  -0.000000E+00   0.000000E+00
  16.900  -0.000000E+00   0.000000E+00
  16.950  -0.000000E+00   0.000000E+00
  17.000  -0.000000E+00   0.000000E+00
  17.050  -0.000000E+00   0.000000E+00
  17.100  -0.000000E+00   0.000000E+00
  17.150  -0.000000E+00   0.000000E+00
  17.200  -0.000000E+00   0.000000E+00
  17.250  -0.000000E+00   0.000000E+00
  17.300  -0.000000E+00   0.000000E+00
  17.350  -0.000000E+00   0.000000E+00
  17.400  -0.000000E+00   0.000000E+00
  17.450  -0.000000E+00   0.000000E+00
  17.500  -0.000000E+00   0.000000E+00
  17.550  -0.000000E+00   0.000000E+00
  17.600  -0.000000E+00   0.000000E+00
  17.650  -0.000000E+00   0.000000E+00
  17.700  -0.000000E+00   0.000000E+00
  17.750  -0.000000E+00   0.000000E+00
  17.800  -0.000000E+00   0.000000E+00
  17.850  -0.000000E+00   0.000000E+00
  17.900  -0.000000E+00   0.000000E+00
  17.950  -0.000000E+00   0.000000E+00
  18.000  -0.000000E+00   0.000000E+00
  18.050  -0.000000E+00   0.000000E+00
  18.100  -0.000000E+00   0.000000E+00
  18.150  -0.000000E+00   0.000000E+00
  18.200  -0.000000E+00   0.000000E+00
  18.250  -0.000000E+00   0.000000E+00
  18.300  -0.000000E+00   0.000000E+00
  18.350  -0.000000E+00   0.000000E+00
  18.400  -0.000000E+00   0.000000E+00
  18.450  -0.000000E+00   0.000000E+00
  18.500  -0.000000E+00   0.000000E+00
  18.550  -0.000000E+00   0.000000E+00
  18.600  -0.000000E+00   0.000000E+00
  18.650  -0.000000E+00   0.000000E+00
  18.700  -0.000000E+00   0.000000E+00
  18.750  -0.000000E+00   0.000000E+00
  18.800  -0.000000E+00   0.000000E+00
  18.850  -0.000000E+00   0.000000E+00
  18.900  -0.000000E+00   0.000000E+00
  18.950  -0.000000E+00   0.000000E+00
  19.000  -0.000000E+00   0.000000E+00
  19.050  -0.000000E+00   0.000000E+00
  19.100  -0.000000E+00   0.000000E+00
  19.150  -0.000000E+00   0.000000E+00
  19.200  -0.000000E+00   0.000000E+00
  19.250  -0.000000E+00   0.000000E+00
  19.300  -0.000000E+00   0.000000E+00
  19.350  -0.000000E+00   0.000000E+00
  19.400  -0.000000E+00   0.000000E+00
  19.450  -0.000000E+00   0.000000E+00
  19.500  -0.000000E+00   0.000000E+00
  19.550  -0.000000E+00   0.000000E+00
  19.600  -0.000000E+00   0.000000E+00
  19.650  -0.000000E+00   0.000000E+00
  19.700  -0.000000E+00   0.000000E+00
  19.750  -0.000000E+00   0.000000E+00
  19.800  -0.000000E+00   0.000000E+00
  19.850  -0.000000E+00   0.000000E+00
  19.900  -0.000000E+00   0.000000E+00
  19.950  -0.000000E+00   0.000000E+00
  20.000   0.000000E+00   0.000000E+00
  20.050   0.000000E+00   0.000000E+00
 &
# Potential at   6: KP=  1 of type  3 and multipole =  0
   0.000   0.000000E+00   0.000000E+00
   0.050   0.000000E+00   0.000000E+00
   0.100   0.000000E+00   0.000000E+00
   0.150   0.000000E+00   0.000000E+00
   0.200   0.000000E+00   0.000000E+00
   0.250   0.000000E+00   0.000000E+00
   0.300   0.000000E+00   0.000000E+00
   0.350   0.000000E+00   0.000000E+00
   0.400   0.000000E+00   0.000000E+00
   0.450   0.000000E+00   0.000000E+00
   0.500   0.000000E+00   0.000000E+00
   0.550   0.000000E+00   0.000000E+00
   0.600   0.000000E+00   0.000000E+00
   0.650   0.000000E+00   0.000000E+00
   0.700   0.000000E+00   0.000000E+00
   0.750   0.000000E+00   0.000000E+00
   0.800   0.000000E+00   0.000000E+00
   0.850   0.000000E+00   0.000000E+00
   0.900   0.000000E+00   0.000000E+00
   0.950   0.000000E+00   0.000000E+00
   1.000   0.000000E+00   0.000000E+00
   1.050   0.000000E+00   0.000000E+00
   1.100   0.000000E+00   0.000000E+00
   1.150   0.000000E+00   0.000000E+00
   1.200   0.000000E+00   0.000000E+00
   1.250   0.000000E+00   0.000000E+00
   1.300   0.000000E+00   0.000000E+00
   1.350   0.000000E+00   0.000000E+00
   1.400   0.000000E+00   0.000000E+00
   1.450   0.000000E+00   0.000000E+00
   1.500   0.000000E+00   0.000000E+00
   1.550   0.000000E+00   0.000000E+00
   1.600   0.000000E+00   0.000000E+00
   1.650   0.000000E+00   0.000000E+00
   1.700   0.000000E+00   0.000000E+00
   1.750   0.000000E+00   0.000000E+00
   1.800   0.000000E+00   0.000000E+00
   1.850   0.000000E+00   0.000000E+00
   1.900   0.000000E+00   0.000000E+00
   1.950   0.000000E+00   0.000000E+00
   2.000   0.000000E+00   0.000000E+00
   2.050   0.000000E+00   0.000000E+00
   2.100   0.000000E+00   0.000000E+00
   2.150   0.000000E+00   0.000000E+00
   2.200   0.000000E+00   0.000000E+00
   2.250   0.000000E+00   0.000000E+00
   2.300   0.000000E+00   0.000000E+00
   2.350   0.000000E+00   0.000000E+00
   2.400   0.000000E+00   0.000000E+00
   2.450   0.000000E+00   0.000000E+00
   2.500   0.000000E+00   0.000000E+00
   2.550   0.000000E+00   0.000000E+00
   2.600   0.000000E+00   0.000000E+00
   2.650   0.000000E+00   0.000000E+00
   2.700   0.000000E+00   0.000000E+00
   2.750   0.000000E+00   0.000000E+00
   2.800   0.000000E+00   0.000000E+00
   2.850   0.000000E+00   0.000000E+00
   2.900   0.000000E+00   0.000000E+00
   2.950   0.000000E+00   0.000000E+00
   3.000   0.000000E+00   0.000000E+00
   3.050   0.000000E+00   0.000000E+00
   3.100   0.000000E+00   0.000000E+00
   3.150   0.000000E+00   0.000000E+00
   3.200   0.000000E+00   0.000000E+00
   3.250   0.000000E+00   0.000000E+00
   3.300   0.000000E+00   0.000000E+00
   3.350   0.000000E+00   0.000000E+00
   3.400   0.000000E+00   0.000000E+00
   3.450   0.000000E+00   0.000000E+00
   3.500   0.000000E+00   0.000000E+00
   3.550   0.000000E+00   0.000000E+00
   3.600   0.000000E+00   0.000000E+00
   3.650   0.000000E+00   0.000000E+00
   3.700   0.000000E+00   0.000000E+00
   3.750   0.000000E+00   0.000000E+00
   3.800   0.000000E+00   0.000000E+00
   3.850   0.000000E+00   0.000000E+00
   3.900   0.000000E+00   0.000000E+00
   3.950   0.000000E+00   0.000000E+00
   4.000   0.000000E+00   0.000000E+00
   4.050   0.000000E+00   0.000000E+00
   4.100   0.000000E+00   0.000000E+00
   4.150   0.000000E+00   0.000000E+00
   4.200   0.000000E+00   0.000000E+00
   4.250   0.000000E+00   0.000000E+00
   4.300   0.000000E+00   0.000000E+00
   4.350   0.000000E+00   0.000000E+00
   4.400   0.000000E+00   0.000000E+00
   4.450   0.000000E+00   0.000000E+00
   4.500   0.000000E+00   0.000000E+00
   4.550   0.000000E+00   0.000000E+00
   4.600   0.000000E+00   0.000000E+00
   4.650   0.000000E+00   0.000000E+00
   4.700   0.000000E+00   0.000000E+00
   4.750   0.000000E+00   0.000000E+00
   4.800   0.000000E+00   0.000000E+00
   4.850   0.000000E+00   0.000000E+00
   4.900   0.000000E+00   0.000000E+00
   4.950   0.000000E+00   0.000000E+00
   5.000   0.000000E+00   0.000000E+00
   5.050   0.000000E+00   0.000000E+00
   5.100   0.000000E+00   0.000000E+00
   5.150   0.000000E+00   0.000000E+00
   5.200   0.000000E+00   0.000000E+00
   5.250   0.000000E+00   0.000000E+00
   5.300   0.000000E+00   0.000000E+00
   5.350   0.000000E+00   0.000000E+00
   5.400   0.000000E+00   0.000000E+00
   5.450   0.000000E+00   0.000000E+00
   5.500   0.000000E+00   0.000000E+00
   5.550   0.000000E+00   0.000000E+00
   5.600   0.000000E+00   0.000000E+00
   5.650   0.000000E+00   0.000000E+00
   5.700   0.000000E+00   0.000000E+00
   5.750   0.000000E+00   0.000000E+00
   5.800   0.000000E+00   0.000000E+00
   5.850   0.000000E+00   0.000000E+00
   5.900   0.000000E+00   0.000000E+00
   5.950   0.000000E+00   0.000000E+00
   6.000   0.000000E+00   0.000000E+00
   6.050   0.000000E+00   0.000000E+00
   6.100   0.000000E+00   0.000000E+00
   6.150   0.000000E+00   0.000000E+00
   6.200   0.000000E+00   0.000000E+00
   6.250   0.000000E+00   0.000000E+00
   6.300   0.000000E+00   0.000000E+00
   6.350   0.000000E+00   0.000000E+00
   6.400   0.000000E+00   0.000000E+00
   6.450   0.000000E+00   0.000000E+00
   6.500   0.000000E+00   0.000000E+00
   6.550   0.000000E+00   0.000000E+00
   6.600   0.000000E+00   0.000000E+00
   6.650   0.000000E+00   0.000000E+00
   6.700   0.000000E+00   0.000000E+00
   6.750   0.000000E+00   0.000000E+00
   6.800   0.000000E+00   0.000000E+00
   6.850   0.000000E+00   0.000000E+00
   6.900   0.000000E+00   0.000000E+00
   6.950   0.000000E+00   0.000000E+00
   7.000   0.000000E+00   0.000000E+00
   7.050   0.000000E+00   0.000000E+00
   7.100   0.000000E+00   0.000000E+00
   7.150   0.000000E+00   0.000000E+00
   7.200   0.000000E+00   0.000000E+00
   7.250   0.000000E+00   0.000000E+00
   7.300   0.000000E+00   0.000000E+00
   7.350   0.000000E+00   0.000000E+00
   7.400   0.000000E+00   0.000000E+00
   7.450   0.000000E+00   0.000000E+00
   7.500   0.000000E+00   0.000000E+00
   7.550   0.000000E+00   0.000000E+00
   7.600   0.000000E+00   0.000000E+00
   7.650   0.000000E+00   0.000000E+00
   7.700   0.000000E+00   0.000000E+00
   7.750   0.000000E+00   0.000000E+00
   7.800   0.000000E+00   0.000000E+00
   7.850   0.000000E+00   0.000000E+00
   7.900   0.000000E+00   0.000000E+00
   7.950   0.000000E+00   0.000000E+00
   8.000   0.000000E+00   0.000000E+00
   8.050   0.000000E+00   0.000000E+00
   8.100   0.000000E+00   0.000000E+00
   8.150   0.000000E+00   0.000000E+00
   8.200   0.000000E+00   0.000000E+00
   8.250   0.000000E+00   0.000000E+00
   8.300   0.000000E+00   0.000000E+00
   8.350   0.000000E+00   0.000000E+00
   8.400   0.000000E+00   0.000000E+00
   8.450   0.000000E+00   0.000000E+00
   8.500   0.000000E+00   0.000000E+00
   8.550   0.000000E+00   0.000000E+00
   8.600   0.000000E+00   0.000000E+00
   8.650   0.000000E+00   0.000000E+00
   8.700   0.000000E+00   0.000000E+00
   8.750   0.000000E+00   0.000000E+00
   8.800   0.000000E+00   0.000000E+00
   8.850   0.000000E+00   0.000000E+00
   8.900   0.000000E+00   0.000000E+00
   8.950   0.000000E+00   0.000000E+00
   9.000   0.000000E+00   0.000000E+00
   9.050   0.000000E+00   0.000000E+00
   9.100   0.000000E+00   0.000000E+00
   9.150   0.000000E+00   0.000000E+00
   9.200   0.000000E+00   0.000000E+00
   9.250   0.000000E+00   0.000000E+00
   9.300   0.000000E+00   0.000000E+00
   9.350   0.000000E+00   0.000000E+00
   9.400   0.000000E+00   0.000000E+00
   9.450   0.000000E+00   0.000000E+00
   9.500   0.000000E+00   0.000000E+00
   9.550   0.000000E+00   0.000000E+00
   9.600   0.000000E+00   0.000000E+00
   9.650   0.000000E+00   0.000000E+00
   9.700   0.000000E+00   0.000000E+00
   9.750   0.000000E+00   0.000000E+00
   9.800   0.000000E+00   0.000000E+00
   9.850   0.000000E+00   0.000000E+00
   9.900   0.000000E+00   0.000000E+00
   9.950   0.000000E+00   0.000000E+00
  10.000   0.000000E+00   0.000000E+00
  10.050   0.000000E+00   0.000000E+00
  10.100   0.000000E+00   0.000000E+00
  10.150   0.000000E+00   0.000000E+00
  10.200   0.000000E+00   0.000000E+00
  10.250   0.000000E+00   0.000000E+00
  10.300   0.000000E+00   0.000000E+00
  10.350   0.000000E+00   0.000000E+00
  10.400   0.000000E+00   0.000000E+00
  10.450   0.000000E+00   0.000000E+00
  10.500   0.000000E+00   0.000000E+00
  10.550   0.000000E+00   0.000000E+00
  10.600   0.000000E+00   0.000000E+00
  10.650   0.000000E+00   0.000000E+00
  10.700   0.000000E+00   0.000000E+00
  10.750   0.000000E+00   0.000000E+00
  10.800   0.000000E+00   0.000000E+00
  10.850   0.000000E+00   0.000000E+00
  10.900   0.000000E+00   0.000000E+00
  10.950   0.000000E+00   0.000000E+00
  11.000   0.000000E+00   0.000000E+00
  11.050   0.000000E+00   0.000000E+00
  11.100   0.000000E+00   0.000000E+00
  11.150   0.000000E+00   0.000000E+00
  11.200   0.000000E+00   0.000000E+00
  11.250   0.000000E+00   0.000000E+00
  11.300   0.000000E+00   0.000000E+00
  11.350   0.000000E+00   0.000000E+00
  11.400   0.000000E+00   0.000000E+00
  11.450   0.000000E+00   0.000000E+00
  11.500   0.000000E+00   0.000000E+00
  11.550   0.000000E+00   0.000000E+00
  11.600   0.000000E+00   0.000000E+00
  11.650   0.000000E+00   0.000000E+00
  11.700   0.000000E+00   0.000000E+00
  11.750   0.000000E+00   0.000000E+00
  11.800   0.000000E+00   0.000000E+00
  11.850   0.000000E+00   0.000000E+00
  11.900   0.000000E+00   0.000000E+00
  11.950   0.000000E+00   0.000000E+00
  12.000   0.000000E+00   0.000000E+00
  12.050   0.000000E+00   0.000000E+00
  12.100   0.000000E+00   0.000000E+00
  12.150   0.000000E+00   0.000000E+00
  12.200   0.000000E+00   0.000000E+00
  12.250   0.000000E+00   0.000000E+00
  12.300   0.000000E+00   0.000000E+00
  12.350   0.000000E+00   0.000000E+00
  12.400   0.000000E+00   0.000000E+00
  12.450   0.000000E+00   0.000000E+00
  12.500   0.000000E+00   0.000000E+00
  12.550   0.000000E+00   0.000000E+00
  12.600   0.000000E+00   0.000000E+00
  12.650   0.000000E+00   0.000000E+00
  12.700   0.000000E+00   0.000000E+00
  12.750   0.000000E+00   0.000000E+00
  12.800   0.000000E+00   0.000000E+00
  12.850   0.000000E+00   0.000000E+00
  12.900   0.000000E+00   0.000000E+00
  12.950   0.000000E+00   0.000000E+00
  13.000   0.000000E+00   0.000000E+00
  13.050   0.000000E+00   0.000000E+00
  13.100   0.000000E+00   0.000000E+00
  13.150   0.000000E+00   0.000000E+00
  13.200   0.000000E+00   0.000000E+00
  13.250   0.000000E+00   0.000000E+00
  13.300   0.000000E+00   0.000000E+00
  13.350   0.000000E+00   0.000000E+00
  13.400   0.000000E+00   0.000000E+00
  13.450   0.000000E+00   0.000000E+00
  13.500   0.000000E+00   0.000000E+00
  13.550   0.000000E+00   0.000000E+00
  13.600   0.000000E+00   0.000000E+00
  13.650   0.000000E+00   0.000000E+00
  13.700   0.000000E+00   0.000000E+00
  13.750   0.000000E+00   0.000000E+00
  13.800   0.000000E+00   0.000000E+00
  13.850   0.000000E+00   0.000000E+00
  13.900   0.000000E+00   0.000000E+00
  13.950   0.000000E+00   0.000000E+00
  14.000   0.000000E+00   0.000000E+00
  14.050   0.000000E+00   0.000000E+00
  14.100   0.000000E+00   0.000000E+00
  14.150   0.000000E+00   0.000000E+00
  14.200   0.000000E+00   0.000000E+00
  14.250   0.000000E+00   0.000000E+00
  14.300   0.000000E+00   0.000000E+00
  14.350   0.000000E+00   0.000000E+00
  14.400   0.000000E+00   0.000000E+00
  14.450   0.000000E+00   0.000000E+00
  14.500   0.000000E+00   0.000000E+00
  14.550   0.000000E+00   0.000000E+00
  14.600   0.000000E+00   0.000000E+00
  14.650   0.000000E+00   0.000000E+00
  14.700   0.000000E+00   0.000000E+00
  14.750   0.000000E+00   0.000000E+00
  14.800   0.000000E+00   0.000000E+00
  14.850   0.000000E+00   0.000000E+00
  14.900   0.000000E+00   0.000000E+00
  14.950   0.000000E+00   0.000000E+00
  15.000   0.000000E+00   0.000000E+00
  15.050   0.000000E+00   0.000000E+00
  15.100   0.000000E+00   0.000000E+00
  15.150   0.000000E+00   0.000000E+00
  15.200   0.000000E+00   0.000000E+00
  15.250   0.000000E+00   0.000000E+00
  15.300   0.000000E+00   0.000000E+00
  15.350   0.000000E+00   0.000000E+00
  15.400   0.000000E+00   0.000000E+00
  15.450   0.000000E+00   0.000000E+00
  15.500   0.000000E+00   0.000000E+00
  15.550   0.000000E+00   0.000000E+00
  15.600   0.000000E+00   0.000000E+00
  15.650   0.000000E+00   0.000000E+00
  15.700   0.000000E+00   0.000000E+00
  15.750   0.000000E+00   0.000000E+00
  15.800   0.000000E+00   0.000000E+00
  15.850   0.000000E+00   0.000000E+00
  15.900   0.000000E+00   0.000000E+00
  15.950   0.000000E+00   0.000000E+00
  16.000   0.000000E+00   0.000000E+00
  16.050   0.000000E+00   0.000000E+00
  16.100   0.000000E+00   0.000000E+00
  16.150   0.000000E+00   0.000000E+00
  16.200   0.000000E+00   0.000000E+00
  16.250   0.000000E+00   0.000000E+00
  16.300   0.000000E+00   0.000000E+00
  16.350   0.000000E+00   0.000000E+00
  16.400   0.000000E+00   0.000000E+00
  16.450   0.000000E+00   0.000000E+00
  16.500   0.000000E+00   0.000000E+00
  16.550   0.000000E+00   0.000000E+00
  16.600   0.000000E+00   0.000000E+00
  16.650   0.000000E+00   0.000000E+00
  16.700   0.000000E+00   0.000000E+00
  16.750   0.000000E+00   0.000000E+00
  16.800   0.000000E+00   0.000000E+00
  16.850   0.000000E+00   0.000000E+00
  16.900   0.000000E+00   0.000000E+00
  16.950   0.000000E+00   0.000000E+00
  17.000   0.000000E+00   0.000000E+00
  17.050   0.000000E+00   0.000000E+00
  17.100   0.000000E+00   0.000000E+00
  17.150   0.000000E+00   0.000000E+00
  17.200   0.000000E+00   0.000000E+00
  17.250   0.000000E+00   0.000000E+00
  17.300   0.000000E+00   0.000000E+00
  17.350   0.000000E+00   0.000000E+00
  17.400   0.000000E+00   0.000000E+00
  17.450   0.000000E+00   0.000000E+00
  17.500   0.000000E+00   0.000000E+00
  17.550   0.000000E+00   0.000000E+00
  17.600   0.000000E+00   0.000000E+00
  17.650   0.000000E+00   0.000000E+00
  17.700   0.000000E+00   0.000000E+00
  17.750   0.000000E+00   0.000000E+00
  17.800   0.000000E+00   0.000000E+00
  17.850   0.000000E+00   0.000000E+00
  17.900   0.000000E+00   0.000000E+00
  17.950   0.000000E+00   0.000000E+00
  18.000   0.000000E+00   0.000000E+00
  18.050   0.000000E+00   0.000000E+00
  18.100   0.000000E+00   0.000000E+00
  18.150   0.000000E+00   0.000000E+00
  18.200   0.000000E+00   0.000000E+00
  18.250   0.000000E+00   0.000000E+00
  18.300   0.000000E+00   0.000000E+00
  18.350   0.000000E+00   0.000000E+00
  18.400   0.000000E+00   0.000000E+00
  18.450   0.000000E+00   0.000000E+00
  18.500   0.000000E+00   0.000000E+00
  18.550   0.000000E+00   0.000000E+00
  18.600   0.000000E+00   0.000000E+00
  18.650   0.000000E+00   0.000000E+00
  18.700   0.000000E+00   0.000000E+00
  18.750   0.000000E+00   0.000000E+00
  18.800   0.000000E+00   0.000000E+00
  18.850   0.000000E+00   0.000000E+00
  18.900   0.000000E+00   0.000000E+00
  18.950   0.000000E+00   0.000000E+00
  19.000   0.000000E+00   0.000000E+00
  19.050   0.000000E+00   0.000000E+00
  19.100   0.000000E+00   0.000000E+00
  19.150   0.000000E+00   0.000000E+00
  19.200   0.000000E+00   0.000000E+00
  19.250   0.000000E+00   0.000000E+00
  19.300   0.000000E+00   0.000000E+00
  19.350   0.000000E+00   0.000000E+00
  19.400   0.000000E+00   0.000000E+00
  19.450   0.000000E+00   0.000000E+00
  19.500   0.000000E+00   0.000000E+00
  19.550   0.000000E+00   0.000000E+00
  19.600   0.000000E+00   0.000000E+00
  19.650   0.000000E+00   0.000000E+00
  19.700   0.000000E+00   0.000000E+00
  19.750   0.000000E+00   0.000000E+00
  19.800   0.000000E+00   0.000000E+00
  19.850   0.000000E+00   0.000000E+00
  19.900   0.000000E+00   0.000000E+00
  19.950   0.000000E+00   0.000000E+00
  20.000   0.000000E+00   0.000000E+00
  20.050   0.000000E+00   0.000000E+00
 &
