           2           1           1
    0.0+     0 1   2.853       0.000      0.2718E-01   2.826    
    1.0-     1 1   8.555       0.000      0.8148E-01   8.473    
    2.0+     2 1   14.25       0.000      0.1353       14.11    
    3.0-     3 1   19.92       0.000      0.1887       19.74    
    4.0+     4 1   25.58       0.000      0.2407       25.34    
    5.0-     5 1   31.20       0.000      0.2922       30.91    
    6.0+     6 1   36.77       0.000      0.3422       36.43    
    7.0-     7 1   42.30       0.000      0.3921       41.90    
    8.0+     8 1   47.75       0.000      0.4466       47.30    
    9.0-     9 1   53.12       0.000      0.5116       52.61    
   10.0+    10 1   58.40       0.000      0.6079       57.79    
   11.0-    11 1   63.56       0.000      0.7800       62.78    
   12.0+    12 1   68.60       0.000       1.097       67.50    
   13.0-    13 1   73.66       0.000       1.742       71.92    
   14.0+    14 1   78.74       0.000       3.259       75.48    
   15.0-    15 1   82.14       0.000       6.264       75.88    
   16.0+    16 1   78.99       0.000       9.656       69.33    
   17.0-    17 1   65.28       0.000       11.04       54.24    
   18.0+    18 1   46.18       0.000       10.05       36.13    
   19.0-    19 1   29.10       0.000       7.309       21.79    
   20.0+    20 1   16.45       0.000       4.090       12.36    
   21.0-    21 1   8.683       0.000       1.901       6.782    
   22.0+    22 1   4.528       0.000      0.8145       3.714    
   23.0-    23 1   2.396       0.000      0.3402       2.056    
   24.0+    24 1   1.293       0.000      0.1413       1.152    
   25.0-    25 1  0.7105       0.000      0.5874E-01  0.6518    
   26.0+    26 1  0.3955       0.000      0.2445E-01  0.3711    
   27.0-    27 1  0.2223       0.000      0.1019E-01  0.2121    
   28.0+    28 1  0.1258       0.000      0.4248E-02  0.1215    
   29.0-    29 1  0.7149E-01   0.000      0.1770E-02  0.6972E-01
   30.0+    30 1  0.4074E-01   0.000      0.7366E-03  0.4001E-01
   31.0-    31 1  0.2326E-01   0.000      0.3062E-03  0.2295E-01
   32.0+    32 1  0.1328E-01   0.000      0.1271E-03  0.1316E-01
   33.0-    33 1  0.7590E-02   0.000      0.5266E-04  0.7538E-02
   34.0+    34 1  0.4336E-02   0.000      0.2179E-04  0.4314E-02
   35.0-    35 1  0.2476E-02   0.000      0.8998E-05  0.2467E-02
   36.0+    36 1  0.1413E-02   0.000      0.3710E-05  0.1409E-02
   37.0-    37 1  0.8058E-03   0.000      0.1527E-05  0.8043E-03
   38.0+    38 1  0.4592E-03   0.000      0.6279E-06  0.4586E-03
   39.0-    39 1  0.2615E-03   0.000      0.2577E-06  0.2612E-03
   40.0+    40 1  0.1488E-03   0.000      0.1056E-06  0.1487E-03
