# Fusion cross sections for ELAB=  100.000000, ECM=   75.000000
     0.0   2.826       2.853      0.2718E-01
     1.0   8.473       8.555      0.8148E-01
     2.0   14.11       14.25      0.1353    
     3.0   19.74       19.92      0.1887    
     4.0   25.34       25.58      0.2407    
     5.0   30.91       31.20      0.2922    
     6.0   36.43       36.77      0.3422    
     7.0   41.90       42.30      0.3921    
     8.0   47.30       47.75      0.4466    
     9.0   52.61       53.12      0.5116    
    10.0   57.79       58.40      0.6079    
    11.0   62.78       63.56      0.7800    
    12.0   67.50       68.60       1.097    
    13.0   71.92       73.66       1.742    
    14.0   75.48       78.74       3.259    
    15.0   75.88       82.14       6.264    
    16.0   69.33       78.99       9.656    
    17.0   54.24       65.28       11.04    
    18.0   36.13       46.18       10.05    
    19.0   21.79       29.10       7.309    
    20.0   12.36       16.45       4.090    
    21.0   6.782       8.683       1.901    
    22.0   3.714       4.528      0.8145    
    23.0   2.056       2.396      0.3402    
    24.0   1.152       1.293      0.1413    
    25.0  0.6518      0.7105      0.5874E-01
    26.0  0.3711      0.3955      0.2445E-01
    27.0  0.2121      0.2223      0.1019E-01
    28.0  0.1215      0.1258      0.4248E-02
    29.0  0.6972E-01  0.7149E-01  0.1770E-02
    30.0  0.4001E-01  0.4074E-01  0.7366E-03
    31.0  0.2295E-01  0.2326E-01  0.3062E-03
    32.0  0.1316E-01  0.1328E-01  0.1271E-03
    33.0  0.7538E-02  0.7590E-02  0.5266E-04
    34.0  0.4314E-02  0.4336E-02  0.2179E-04
    35.0  0.2467E-02  0.2476E-02  0.8998E-05
    36.0  0.1409E-02  0.1413E-02  0.3710E-05
    37.0  0.8043E-03  0.8058E-03  0.1527E-05
    38.0  0.4586E-03  0.4592E-03  0.6279E-06
    39.0  0.2612E-03  0.2615E-03  0.2577E-06
    40.0  0.1487E-03  0.1488E-03  0.1056E-06
 & 
