# 181 angles,  1 tensor ranks for 0=projectile
@subtitle   "alpha+c12 -> alpha+c12* @ 100 MeV; nuc def"                                                                            
@legend ON
@legend x1 0.2
@legend y1 0.8
@g0 type LOGY
@xaxis label "Scattering angle (degrees)"
@yaxis label "Cross section (mb/sr)"
@             s0 legend        "Partition=  1 Excit=  1 near/far= 1"
#             s0 legend        "Lab energy =  100.0000"
@s0 linestyle   1
#  Theta       sigma       iT11        T20         T21         T22         Kyy for projectile
  0.1000E-01   1.000    
   1.000      0.8527    
   2.000      0.5887    
   3.000      0.5779    
   4.000      0.9953    
   5.000       1.731    
   6.000       2.435    
   7.000       2.716    
   8.000       2.372    
   9.000       1.548    
   10.00      0.6989    
   11.00      0.3829    
   12.00      0.9839    
   13.00       2.513    
   14.00       4.590    
   15.00       6.604    
   16.00       7.988    
   17.00       8.454    
   18.00       8.103    
   19.00       7.360    
   20.00       6.778    
   21.00       6.815    
   22.00       7.655    
   23.00       9.166    
   24.00       10.97    
   25.00       12.62    
   26.00       13.73    
   27.00       14.12    
   28.00       13.84    
   29.00       13.13    
   30.00       12.30    
   31.00       11.61    
   32.00       11.24    
   33.00       11.20    
   34.00       11.39    
   35.00       11.65    
   36.00       11.80    
   37.00       11.73    
   38.00       11.40    
   39.00       10.85    
   40.00       10.16    
   41.00       9.434    
   42.00       8.759    
   43.00       8.189    
   44.00       7.737    
   45.00       7.385    
   46.00       7.090    
   47.00       6.809    
   48.00       6.508    
   49.00       6.167    
   50.00       5.787    
   51.00       5.382    
   52.00       4.972    
   53.00       4.578    
   54.00       4.214    
   55.00       3.891    
   56.00       3.608    
   57.00       3.361    
   58.00       3.141    
   59.00       2.940    
   60.00       2.748    
   61.00       2.561    
   62.00       2.378    
   63.00       2.199    
   64.00       2.027    
   65.00       1.864    
   66.00       1.711    
   67.00       1.572    
   68.00       1.447    
   69.00       1.334    
   70.00       1.235    
   71.00       1.145    
   72.00       1.063    
   73.00      0.9870    
   74.00      0.9159    
   75.00      0.8489    
   76.00      0.7855    
   77.00      0.7257    
   78.00      0.6694    
   79.00      0.6168    
   80.00      0.5683    
   81.00      0.5244    
   82.00      0.4849    
   83.00      0.4495    
   84.00      0.4176    
   85.00      0.3886    
   86.00      0.3620    
   87.00      0.3374    
   88.00      0.3145    
   89.00      0.2931    
   90.00      0.2729    
   91.00      0.2537    
   92.00      0.2355    
   93.00      0.2186    
   94.00      0.2032    
   95.00      0.1891    
   96.00      0.1762    
   97.00      0.1644    
   98.00      0.1536    
   99.00      0.1438    
   100.0      0.1350    
   101.0      0.1269    
   102.0      0.1194    
   103.0      0.1123    
   104.0      0.1054    
   105.0      0.9878E-01
   106.0      0.9257E-01
   107.0      0.8679E-01
   108.0      0.8139E-01
   109.0      0.7630E-01
   110.0      0.7155E-01
   111.0      0.6722E-01
   112.0      0.6337E-01
   113.0      0.5996E-01
   114.0      0.5684E-01
   115.0      0.5385E-01
   116.0      0.5088E-01
   117.0      0.4796E-01
   118.0      0.4520E-01
   119.0      0.4267E-01
   120.0      0.4035E-01
   121.0      0.3821E-01
   122.0      0.3621E-01
   123.0      0.3436E-01
   124.0      0.3268E-01
   125.0      0.3112E-01
   126.0      0.2958E-01
   127.0      0.2796E-01
   128.0      0.2626E-01
   129.0      0.2458E-01
   130.0      0.2309E-01
   131.0      0.2191E-01
   132.0      0.2105E-01
   133.0      0.2041E-01
   134.0      0.1985E-01
   135.0      0.1925E-01
   136.0      0.1855E-01
   137.0      0.1772E-01
   138.0      0.1672E-01
   139.0      0.1559E-01
   140.0      0.1444E-01
   141.0      0.1344E-01
   142.0      0.1277E-01
   143.0      0.1248E-01
   144.0      0.1248E-01
   145.0      0.1251E-01
   146.0      0.1233E-01
   147.0      0.1180E-01
   148.0      0.1092E-01
   149.0      0.9873E-02
   150.0      0.8858E-02
   151.0      0.8093E-02
   152.0      0.7745E-02
   153.0      0.7890E-02
   154.0      0.8469E-02
   155.0      0.9246E-02
   156.0      0.9852E-02
   157.0      0.9908E-02
   158.0      0.9204E-02
   159.0      0.7839E-02
   160.0      0.6209E-02
   161.0      0.4864E-02
   162.0      0.4285E-02
   163.0      0.4698E-02
   164.0      0.6004E-02
   165.0      0.7802E-02
   166.0      0.9505E-02
   167.0      0.1048E-01
   168.0      0.1023E-01
   169.0      0.8615E-02
   170.0      0.5991E-02
   171.0      0.3279E-02
   172.0      0.1768E-02
   173.0      0.2719E-02
   174.0      0.6890E-02
   175.0      0.1419E-01
   176.0      0.2366E-01
   177.0      0.3368E-01
   178.0      0.4247E-01
   179.0      0.4843E-01
   180.0      0.5055E-01
 &
@             s1 legend        "Partition=  1 Excit=  2 near/far= 1"
#             s0 legend        "Lab energy =  100.0000"
@s1 linestyle   2
#  Theta       sigma       iT11        T20         T21         T22         Kyy for projectile
   0.000       64.18    
   1.000       61.02    
   2.000       53.42    
   3.000       45.98    
   4.000       43.79    
   5.000       49.89    
   6.000       63.65    
   7.000       80.93    
   8.000       95.80    
   9.000       102.9    
   10.00       99.77    
   11.00       87.27    
   12.00       69.40    
   13.00       51.39    
   14.00       37.86    
   15.00       31.32    
   16.00       31.69    
   17.00       36.78    
   18.00       43.41    
   19.00       48.61    
   20.00       50.57    
   21.00       48.93    
   22.00       44.57    
   23.00       39.04    
   24.00       33.92    
   25.00       30.27    
   26.00       28.42    
   27.00       28.07    
   28.00       28.52    
   29.00       28.98    
   30.00       28.84    
   31.00       27.84    
   32.00       26.04    
   33.00       23.72    
   34.00       21.27    
   35.00       19.02    
   36.00       17.19    
   37.00       15.82    
   38.00       14.83    
   39.00       14.07    
   40.00       13.38    
   41.00       12.65    
   42.00       11.81    
   43.00       10.87    
   44.00       9.870    
   45.00       8.886    
   46.00       7.976    
   47.00       7.178    
   48.00       6.505    
   49.00       5.944    
   50.00       5.469    
   51.00       5.050    
   52.00       4.661    
   53.00       4.284    
   54.00       3.913    
   55.00       3.551    
   56.00       3.205    
   57.00       2.884    
   58.00       2.593    
   59.00       2.336    
   60.00       2.112    
   61.00       1.916    
   62.00       1.745    
   63.00       1.591    
   64.00       1.451    
   65.00       1.321    
   66.00       1.200    
   67.00       1.087    
   68.00      0.9818    
   69.00      0.8858    
   70.00      0.7988    
   71.00      0.7208    
   72.00      0.6513    
   73.00      0.5896    
   74.00      0.5346    
   75.00      0.4853    
   76.00      0.4409    
   77.00      0.4006    
   78.00      0.3637    
   79.00      0.3300    
   80.00      0.2991    
   81.00      0.2709    
   82.00      0.2453    
   83.00      0.2221    
   84.00      0.2011    
   85.00      0.1823    
   86.00      0.1653    
   87.00      0.1501    
   88.00      0.1364    
   89.00      0.1240    
   90.00      0.1128    
   91.00      0.1026    
   92.00      0.9341E-01
   93.00      0.8500E-01
   94.00      0.7734E-01
   95.00      0.7036E-01
   96.00      0.6399E-01
   97.00      0.5818E-01
   98.00      0.5290E-01
   99.00      0.4811E-01
   100.0      0.4377E-01
   101.0      0.3985E-01
   102.0      0.3630E-01
   103.0      0.3309E-01
   104.0      0.3019E-01
   105.0      0.2757E-01
   106.0      0.2520E-01
   107.0      0.2304E-01
   108.0      0.2107E-01
   109.0      0.1925E-01
   110.0      0.1757E-01
   111.0      0.1603E-01
   112.0      0.1462E-01
   113.0      0.1333E-01
   114.0      0.1215E-01
   115.0      0.1109E-01
   116.0      0.1014E-01
   117.0      0.9273E-02
   118.0      0.8491E-02
   119.0      0.7782E-02
   120.0      0.7133E-02
   121.0      0.6534E-02
   122.0      0.5978E-02
   123.0      0.5464E-02
   124.0      0.4992E-02
   125.0      0.4563E-02
   126.0      0.4175E-02
   127.0      0.3823E-02
   128.0      0.3502E-02
   129.0      0.3206E-02
   130.0      0.2934E-02
   131.0      0.2683E-02
   132.0      0.2453E-02
   133.0      0.2242E-02
   134.0      0.2048E-02
   135.0      0.1873E-02
   136.0      0.1716E-02
   137.0      0.1576E-02
   138.0      0.1451E-02
   139.0      0.1337E-02
   140.0      0.1231E-02
   141.0      0.1130E-02
   142.0      0.1034E-02
   143.0      0.9460E-03
   144.0      0.8660E-03
   145.0      0.7940E-03
   146.0      0.7286E-03
   147.0      0.6683E-03
   148.0      0.6120E-03
   149.0      0.5597E-03
   150.0      0.5118E-03
   151.0      0.4690E-03
   152.0      0.4317E-03
   153.0      0.4003E-03
   154.0      0.3748E-03
   155.0      0.3545E-03
   156.0      0.3370E-03
   157.0      0.3190E-03
   158.0      0.2972E-03
   159.0      0.2701E-03
   160.0      0.2390E-03
   161.0      0.2082E-03
   162.0      0.1833E-03
   163.0      0.1694E-03
   164.0      0.1688E-03
   165.0      0.1804E-03
   166.0      0.1997E-03
   167.0      0.2203E-03
   168.0      0.2348E-03
   169.0      0.2375E-03
   170.0      0.2259E-03
   171.0      0.2016E-03
   172.0      0.1703E-03
   173.0      0.1402E-03
   174.0      0.1196E-03
   175.0      0.1135E-03
   176.0      0.1224E-03
   177.0      0.1419E-03
   178.0      0.1646E-03
   179.0      0.1822E-03
   180.0      0.1889E-03
 &
