# 181 angles,  1 tensor ranks for 0=projectile
@subtitle   "alpha+c12 -> alpha+c12* @ 100 MeV; nuc def"                                                                            
@legend ON
@legend x1 0.2
@legend y1 0.8
@g0 type LOGY
@             s0 legend        "Lab energy =  100.0000"
#             s0 legend        "Partition=  1 Excit=  2 near/far= 1"
#  Theta       sigma       iT11        T20         T21         T22         Kyy for projectile
   0.000       64.18    
   1.000       61.02    
   2.000       53.42    
   3.000       45.98    
   4.000       43.79    
   5.000       49.89    
   6.000       63.65    
   7.000       80.93    
   8.000       95.80    
   9.000       102.9    
   10.00       99.77    
   11.00       87.27    
   12.00       69.40    
   13.00       51.39    
   14.00       37.86    
   15.00       31.32    
   16.00       31.69    
   17.00       36.78    
   18.00       43.41    
   19.00       48.61    
   20.00       50.57    
   21.00       48.93    
   22.00       44.57    
   23.00       39.04    
   24.00       33.92    
   25.00       30.27    
   26.00       28.42    
   27.00       28.07    
   28.00       28.52    
   29.00       28.98    
   30.00       28.84    
   31.00       27.84    
   32.00       26.04    
   33.00       23.72    
   34.00       21.27    
   35.00       19.02    
   36.00       17.19    
   37.00       15.82    
   38.00       14.83    
   39.00       14.07    
   40.00       13.38    
   41.00       12.65    
   42.00       11.81    
   43.00       10.87    
   44.00       9.870    
   45.00       8.886    
   46.00       7.976    
   47.00       7.178    
   48.00       6.505    
   49.00       5.944    
   50.00       5.469    
   51.00       5.050    
   52.00       4.661    
   53.00       4.284    
   54.00       3.913    
   55.00       3.551    
   56.00       3.205    
   57.00       2.884    
   58.00       2.593    
   59.00       2.336    
   60.00       2.112    
   61.00       1.916    
   62.00       1.745    
   63.00       1.591    
   64.00       1.451    
   65.00       1.321    
   66.00       1.200    
   67.00       1.087    
   68.00      0.9818    
   69.00      0.8858    
   70.00      0.7988    
   71.00      0.7208    
   72.00      0.6513    
   73.00      0.5896    
   74.00      0.5346    
   75.00      0.4853    
   76.00      0.4409    
   77.00      0.4006    
   78.00      0.3637    
   79.00      0.3300    
   80.00      0.2991    
   81.00      0.2709    
   82.00      0.2453    
   83.00      0.2221    
   84.00      0.2011    
   85.00      0.1823    
   86.00      0.1653    
   87.00      0.1501    
   88.00      0.1364    
   89.00      0.1240    
   90.00      0.1128    
   91.00      0.1026    
   92.00      0.9341E-01
   93.00      0.8500E-01
   94.00      0.7734E-01
   95.00      0.7036E-01
   96.00      0.6399E-01
   97.00      0.5818E-01
   98.00      0.5290E-01
   99.00      0.4811E-01
   100.0      0.4377E-01
   101.0      0.3985E-01
   102.0      0.3630E-01
   103.0      0.3309E-01
   104.0      0.3019E-01
   105.0      0.2757E-01
   106.0      0.2520E-01
   107.0      0.2304E-01
   108.0      0.2107E-01
   109.0      0.1925E-01
   110.0      0.1757E-01
   111.0      0.1603E-01
   112.0      0.1462E-01
   113.0      0.1333E-01
   114.0      0.1215E-01
   115.0      0.1109E-01
   116.0      0.1014E-01
   117.0      0.9273E-02
   118.0      0.8491E-02
   119.0      0.7782E-02
   120.0      0.7133E-02
   121.0      0.6534E-02
   122.0      0.5978E-02
   123.0      0.5464E-02
   124.0      0.4992E-02
   125.0      0.4563E-02
   126.0      0.4175E-02
   127.0      0.3823E-02
   128.0      0.3502E-02
   129.0      0.3206E-02
   130.0      0.2934E-02
   131.0      0.2683E-02
   132.0      0.2453E-02
   133.0      0.2242E-02
   134.0      0.2048E-02
   135.0      0.1873E-02
   136.0      0.1716E-02
   137.0      0.1576E-02
   138.0      0.1451E-02
   139.0      0.1337E-02
   140.0      0.1231E-02
   141.0      0.1130E-02
   142.0      0.1034E-02
   143.0      0.9460E-03
   144.0      0.8660E-03
   145.0      0.7940E-03
   146.0      0.7286E-03
   147.0      0.6683E-03
   148.0      0.6120E-03
   149.0      0.5597E-03
   150.0      0.5118E-03
   151.0      0.4690E-03
   152.0      0.4317E-03
   153.0      0.4003E-03
   154.0      0.3748E-03
   155.0      0.3545E-03
   156.0      0.3370E-03
   157.0      0.3190E-03
   158.0      0.2972E-03
   159.0      0.2701E-03
   160.0      0.2390E-03
   161.0      0.2082E-03
   162.0      0.1833E-03
   163.0      0.1694E-03
   164.0      0.1688E-03
   165.0      0.1804E-03
   166.0      0.1997E-03
   167.0      0.2203E-03
   168.0      0.2348E-03
   169.0      0.2375E-03
   170.0      0.2259E-03
   171.0      0.2016E-03
   172.0      0.1703E-03
   173.0      0.1402E-03
   174.0      0.1196E-03
   175.0      0.1135E-03
   176.0      0.1224E-03
   177.0      0.1419E-03
   178.0      0.1646E-03
   179.0      0.1822E-03
   180.0      0.1889E-03
 &
