# 0.05000
#    1  401   10    1
# Optical potential KP=  1: type,multipole =  0  0
    0.000  0.46427       0.0000    
    0.500  0.46250       0.0000    
    1.000  0.45713       0.0000    
    1.500  0.44820       0.0000    
    2.000  0.43568       0.0000    
    2.500  0.41959       0.0000    
    3.000  0.39993       0.0000    
    3.500  0.37669       0.0000    
    4.000  0.34987       0.0000    
    4.500  0.31948       0.0000    
    5.000  0.28799       0.0000    
    5.500  0.26181       0.0000    
    6.000  0.23999       0.0000    
    6.500  0.22153       0.0000    
    7.000  0.20571       0.0000    
    7.500  0.19200       0.0000    
    8.000  0.18000       0.0000    
    8.500  0.16941       0.0000    
    9.000  0.16000       0.0000    
    9.500  0.15158       0.0000    
   10.000  0.14400       0.0000    
   10.500  0.13714       0.0000    
   11.000  0.13091       0.0000    
   11.500  0.12521       0.0000    
   12.000  0.12000       0.0000    
   12.500  0.11520       0.0000    
   13.000  0.11077       0.0000    
   13.500  0.10666       0.0000    
   14.000  0.10285       0.0000    
   14.500  9.93079E-02   0.0000    
   15.000  9.59977E-02   0.0000    
   15.500  9.29010E-02   0.0000    
   16.000  8.99978E-02   0.0000    
   16.500  8.72706E-02   0.0000    
   17.000  8.47038E-02   0.0000    
   17.500  8.22837E-02   0.0000    
   18.000  7.99981E-02   0.0000    
   18.500  7.78360E-02   0.0000    
   19.000  7.57876E-02   0.0000    
   19.500  7.38444E-02   0.0000    
   20.000  7.19983E-02   0.0000    
 &
#    2  401   10    1
# Optical potential KP=  1: type,multipole =  1  0
    0.000  -39.968      -9.9990    
    0.500  -39.933      -9.9975    
    1.000  -39.855      -9.9933    
    1.500  -39.689      -9.9818    
    2.000  -39.335      -9.9505    
    2.500  -38.592      -9.8667    
    3.000  -37.081      -9.6458    
    3.500  -34.191      -9.0924    
    4.000  -29.269      -7.8657    
    4.500  -22.331      -5.7552    
    5.000  -14.773      -3.3279    
    5.500  -8.5376      -1.5504    
    6.000  -4.4678     -0.63233    
    6.500  -2.2022     -0.24231    
    7.000  -1.0515     -9.05261E-02
    7.500 -0.49421     -3.34943E-02
    8.000 -0.23053     -1.23480E-02
    8.500 -0.10715     -4.54613E-03
    9.000 -4.97227E-02 -1.67291E-03
    9.500 -2.30553E-02 -6.15494E-04
   10.000 -1.06864E-02 -2.26436E-04
   10.500 -4.95248E-03 -8.33025E-05
   11.000 -2.29498E-03 -3.06454E-05
   11.500 -1.06346E-03 -1.12739E-05
   12.000 -4.92780E-04 -4.14742E-06
   12.500 -2.28341E-04 -1.52575E-06
   13.000 -1.05806E-04 -5.61293E-07
   13.500 -4.90275E-05 -2.06488E-07
   14.000 -2.27179E-05 -7.59627E-08
   14.500 -1.05268E-05 -2.79451E-08
   15.000 -4.87778E-06 -1.02804E-08
   15.500 -2.26021E-06 -3.78196E-09
   16.000 -1.04731E-06 -1.39131E-09
   16.500 -4.85293E-07 -5.11833E-10
   17.000 -2.24870E-07 -1.88293E-10
   17.500 -1.04198E-07 -6.92690E-11
   18.000 -4.82821E-08 -2.54826E-11
   18.500 -2.23724E-08 -9.37454E-12
   19.000 -1.03667E-08 -3.44870E-12
   19.500 -4.80361E-09 -1.26871E-12
   20.000   0.0000       0.0000    
 &
#    3  401   10    1
# Optical potential KP=  1: type,multipole = 11  2
    0.000   0.0000       0.0000    
    0.500 -3.78366E-02 -1.81629E-03
    1.000 -8.12946E-02 -4.92659E-03
    1.500 -0.17402     -1.33581E-02
    2.000 -0.36886     -3.60897E-02
    2.500 -0.76628     -9.64591E-02
    3.000  -1.5267     -0.25059    
    3.500  -2.8013     -0.60526    
    4.000  -4.4301      -1.2313    
    4.500  -5.5653      -1.7918    
    5.000  -5.2566      -1.6285    
    5.500  -3.7887     -0.96084    
    6.000  -2.2391     -0.43445    
    6.500  -1.1741     -0.17341    
    7.000 -0.57766     -6.57948E-02
    7.500 -0.27538     -2.44840E-02
    8.000 -0.12931     -9.04540E-03
    8.500 -6.02923E-02 -3.33282E-03
    9.000 -2.80181E-02 -1.22678E-03
    9.500 -1.30001E-02 -4.51403E-04
   10.000 -6.02756E-03 -1.66075E-04
   10.500 -2.79379E-03 -6.10972E-05
   11.000 -1.29473E-03 -2.24766E-05
   11.500 -5.99974E-04 -8.26873E-06
   12.000 -2.78017E-04 -3.04190E-06
   12.500 -1.28826E-04 -1.11905E-06
   13.000 -5.96946E-05 -4.11677E-07
   13.500 -2.76607E-05 -1.51447E-07
   14.000 -1.28172E-05 -5.57144E-08
   14.500 -5.93908E-06 -2.04962E-08
   15.000 -2.75199E-06 -7.54012E-09
   15.500 -1.27519E-06 -2.77386E-09
   16.000 -5.90883E-07 -1.02044E-09
   16.500 -2.73797E-07 -3.75400E-10
   17.000 -1.26869E-07 -1.38102E-10
   17.500 -5.87873E-08 -5.08049E-11
   18.000 -2.72402E-08 -1.86901E-11
   18.500 -1.26223E-08 -6.87570E-12
   19.000 -5.84878E-09 -2.52943E-12
   19.500 -2.71015E-09 -9.30525E-13
   20.000   0.0000       0.0000    
 &
#    4  401   10    1
# Optical potential KP=  1: type,multipole =  2  0
    0.000   0.0000     -2.29613E-03
    0.500   0.0000     -5.93533E-03
    1.000   0.0000     -1.61202E-02
    1.500   0.0000     -4.37182E-02
    2.000   0.0000     -0.11810    
    2.500   0.0000     -0.31563    
    3.000   0.0000     -0.81999    
    3.500   0.0000      -1.9805    
    4.000   0.0000      -4.0290    
    4.500   0.0000      -5.8631    
    5.000   0.0000      -5.3290    
    5.500   0.0000      -3.1441    
    6.000   0.0000      -1.4216    
    6.500   0.0000     -0.56744    
    7.000   0.0000     -0.21530    
    7.500   0.0000     -8.01172E-02
    8.000   0.0000     -2.95987E-02
    8.500   0.0000     -1.09058E-02
    9.000   0.0000     -4.01431E-03
    9.500   0.0000     -1.47710E-03
   10.000   0.0000     -5.43435E-04
   10.500   0.0000     -1.99924E-04
   11.000   0.0000     -7.35488E-05
   11.500   0.0000     -2.70572E-05
   12.000   0.0000     -9.95381E-06
   12.500   0.0000     -3.66180E-06
   13.000   0.0000     -1.34710E-06
   13.500   0.0000     -4.95571E-07
   14.000   0.0000     -1.82310E-07
   14.500   0.0000     -6.70683E-08
   15.000   0.0000     -2.46730E-08
   15.500   0.0000     -9.07670E-09
   16.000   0.0000     -3.33913E-09
   16.500   0.0000     -1.22840E-09
   17.000   0.0000     -4.51902E-10
   17.500   0.0000     -1.66246E-10
   18.000   0.0000     -6.11583E-11
   18.500   0.0000     -2.24989E-11
   19.000   0.0000     -8.27688E-12
   19.500   0.0000     -3.04490E-12
   20.000   0.0000     -1.12015E-12
 &
#    5  401   10    1
# Optical potential KP=  1: type,multipole = 11  2
    0.000   0.0000       0.0000    
    0.500   0.0000      4.35108E-03
    1.000   0.0000      1.18074E-02
    1.500   0.0000      3.19478E-02
    2.000   0.0000      8.57606E-02
    2.500   0.0000      0.22533    
    3.000   0.0000      0.55881    
    3.500   0.0000       1.1889    
    4.000   0.0000       1.6937    
    4.500   0.0000      0.64946    
    5.000  -0.0000      -1.3071    
    5.500  -0.0000      -1.5910    
    6.000  -0.0000     -0.91083    
    6.500  -0.0000     -0.39602    
    7.000  -0.0000     -0.15505    
    7.500  -0.0000     -5.83679E-02
    8.000  -0.0000     -2.16554E-02
    8.500  -0.0000     -7.99149E-03
    9.000  -0.0000     -2.94329E-03
    9.500  -0.0000     -1.08323E-03
   10.000  -0.0000     -3.98561E-04
   10.500  -0.0000     -1.46631E-04
   11.000  -0.0000     -5.39436E-05
   11.500  -0.0000     -1.98449E-05
   12.000  -0.0000     -7.30056E-06
   12.500  -0.0000     -2.68573E-06
   13.000  -0.0000     -9.88024E-07
   13.500  -0.0000     -3.63474E-07
   14.000  -0.0000     -1.33714E-07
   14.500  -0.0000     -4.91908E-08
   15.000  -0.0000     -1.80963E-08
   15.500  -0.0000     -6.65725E-09
   16.000  -0.0000     -2.44907E-09
   16.500  -0.0000     -9.00961E-10
   17.000  -0.0000     -3.31445E-10
   17.500  -0.0000     -1.21932E-10
   18.000  -0.0000     -4.48562E-11
   18.500  -0.0000     -1.65017E-11
   19.000  -0.0000     -6.07063E-12
   19.500  -0.0000     -2.23326E-12
   20.000   0.0000       0.0000    
 &
#    6  401   10    1
# Optical potential KP=  1: type,multipole =  3  0
    0.000   0.0000       0.0000    
    0.500   0.0000       0.0000    
    1.000   0.0000       0.0000    
    1.500   0.0000       0.0000    
    2.000   0.0000       0.0000    
    2.500   0.0000       0.0000    
    3.000   0.0000       0.0000    
    3.500   0.0000       0.0000    
    4.000   0.0000       0.0000    
    4.500   0.0000       0.0000    
    5.000   0.0000       0.0000    
    5.500   0.0000       0.0000    
    6.000   0.0000       0.0000    
    6.500   0.0000       0.0000    
    7.000   0.0000       0.0000    
    7.500   0.0000       0.0000    
    8.000   0.0000       0.0000    
    8.500   0.0000       0.0000    
    9.000   0.0000       0.0000    
    9.500   0.0000       0.0000    
   10.000   0.0000       0.0000    
   10.500   0.0000       0.0000    
   11.000   0.0000       0.0000    
   11.500   0.0000       0.0000    
   12.000   0.0000       0.0000    
   12.500   0.0000       0.0000    
   13.000   0.0000       0.0000    
   13.500   0.0000       0.0000    
   14.000   0.0000       0.0000    
   14.500   0.0000       0.0000    
   15.000   0.0000       0.0000    
   15.500   0.0000       0.0000    
   16.000   0.0000       0.0000    
   16.500   0.0000       0.0000    
   17.000   0.0000       0.0000    
   17.500   0.0000       0.0000    
   18.000   0.0000       0.0000    
   18.500   0.0000       0.0000    
   19.000   0.0000       0.0000    
   19.500   0.0000       0.0000    
   20.000   0.0000       0.0000    
 &
#    0    0    0    0
#    0.0  1    2 : J,pi,NCH
##   1 LJ:    0   0.0   0.0   0.0   1   1
#    1    1    3
#    1  1.200000E+01  0.000000E+00
#    2  1.000000E+00  0.000000E+00
#    4  1.000000E+00  0.000000E+00
#    1    2    2
#    3 -1.000000E+00  0.000000E+00
#    5 -1.000000E+00  0.000000E+00
##   2 LJ:    2   2.0   0.0   2.0   1   2
#    2    1    2
#    3 -1.000000E+00 -0.000000E+00
#    5 -1.000000E+00 -0.000000E+00
#    2    2    5
#    1  1.200000E+01  0.000000E+00
#    2  1.000000E+00  0.000000E+00
#    3  6.388766E-01  0.000000E+00
#    4  1.000000E+00  0.000000E+00
#    5  6.388766E-01  0.000000E+00
#    0.0  0    0 : J,pi,NCH
#    1.0 -1    3 : J,pi,NCH
##   1 LJ:    1   1.0   0.0   0.0   1   1
#    1    1    3
#    1  1.200000E+01  0.000000E+00
#    2  1.000000E+00  0.000000E+00
#    4  1.000000E+00  0.000000E+00
#    1    2    2
#    3 -6.324555E-01  0.000000E+00
#    5 -6.324555E-01  0.000000E+00
#    1    3    2
#    3 -7.745967E-01  0.000000E+00
#    5 -7.745967E-01  0.000000E+00
##   2 LJ:    1   1.0   0.0   2.0   1   2
#    2    1    2
#    3 -6.324555E-01  0.000000E+00
#    5 -6.324555E-01  0.000000E+00
#    2    2    5
#    1  1.200000E+01  0.000000E+00
#    2  1.000000E+00  0.000000E+00
#    3  4.472136E-01  0.000000E+00
#    4  1.000000E+00  0.000000E+00
#    5  4.472136E-01  0.000000E+00
#    2    3    2
#    3  1.564922E-01  0.000000E+00
#    5  1.564922E-01  0.000000E+00
##   3 LJ:    3   3.0   0.0   2.0   1   2
#    3    1    2
#    3 -7.745967E-01 -0.000000E+00
#    5 -7.745967E-01 -0.000000E+00
#    3    2    2
#    3  1.564922E-01  0.000000E+00
#    5  1.564922E-01  0.000000E+00
#    3    3    5
#    1  1.200000E+01  0.000000E+00
#    2  1.000000E+00  0.000000E+00
#    3  5.111013E-01  0.000000E+00
#    4  1.000000E+00  0.000000E+00
#    5  5.111013E-01  0.000000E+00
#    0.0  0    0 : J,pi,NCH
#    2.0  1    4 : J,pi,NCH
##   1 LJ:    2   2.0   0.0   0.0   1   1
#    1    1    3
#    1  1.200000E+01  0.000000E+00
#    2  1.000000E+00  0.000000E+00
#    4  1.000000E+00  0.000000E+00
#    1    2    2
#    3 -4.472136E-01 -0.000000E+00
#    5 -4.472136E-01 -0.000000E+00
#    1    3    2
#    3 -5.345225E-01  0.000000E+00
#    5 -5.345225E-01  0.000000E+00
#    1    4    2
#    3 -7.171372E-01  0.000000E+00
#    5 -7.171372E-01  0.000000E+00
##   2 LJ:    0   0.0   0.0   2.0   1   2
#    2    1    2
#    3 -4.472136E-01  0.000000E+00
#    5 -4.472136E-01  0.000000E+00
#    2    2    3
#    1  1.200000E+01  0.000000E+00
#    2  1.000000E+00  0.000000E+00
#    4  1.000000E+00  0.000000E+00
#    2    3    2
#    3  5.345225E-01  0.000000E+00
#    5  5.345225E-01  0.000000E+00
#    2    4    0
##   3 LJ:    2   2.0   0.0   2.0   1   2
#    3    1    2
#    3 -5.345225E-01  0.000000E+00
#    5 -5.345225E-01  0.000000E+00
#    3    2    2
#    3  5.345225E-01  0.000000E+00
#    5  5.345225E-01  0.000000E+00
#    3    3    5
#    1  1.200000E+01  0.000000E+00
#    2  1.000000E+00  0.000000E+00
#    3 -1.369021E-01  0.000000E+00
#    4  1.000000E+00  0.000000E+00
#    5 -1.369021E-01  0.000000E+00
#    3    4    2
#    3  2.448980E-01  0.000000E+00
#    5  2.448980E-01  0.000000E+00
##   4 LJ:    4   4.0   0.0   2.0   1   2
#    4    1    2
#    3 -7.171372E-01 -0.000000E+00
#    5 -7.171372E-01 -0.000000E+00
#    4    2    0
#    4    3    2
#    3  2.448980E-01  0.000000E+00
#    5  2.448980E-01  0.000000E+00
#    4    4    5
#    1  1.200000E+01  0.000000E+00
#    2  1.000000E+00  0.000000E+00
#    3  4.563404E-01  0.000000E+00
#    4  1.000000E+00  0.000000E+00
#    5  4.563404E-01  0.000000E+00
#    0.0  0    0 : J,pi,NCH
#    3.0 -1    4 : J,pi,NCH
##   1 LJ:    3   3.0   0.0   0.0   1   1
#    1    1    3
#    1  1.200000E+01  0.000000E+00
#    2  1.000000E+00  0.000000E+00
#    4  1.000000E+00  0.000000E+00
#    1    2    2
#    3 -5.070926E-01 -0.000000E+00
#    5 -5.070926E-01 -0.000000E+00
#    1    3    2
#    3 -5.163978E-01  0.000000E+00
#    5 -5.163978E-01  0.000000E+00
#    1    4    2
#    3 -6.900656E-01  0.000000E+00
#    5 -6.900656E-01  0.000000E+00
##   2 LJ:    1   1.0   0.0   2.0   1   2
#    2    1    2
#    3 -5.070926E-01  0.000000E+00
#    5 -5.070926E-01  0.000000E+00
#    2    2    5
#    1  1.200000E+01  0.000000E+00
#    2  1.000000E+00  0.000000E+00
#    3  1.277753E-01  0.000000E+00
#    4  1.000000E+00  0.000000E+00
#    5  1.277753E-01  0.000000E+00
#    2    3    2
#    3  5.018915E-01  0.000000E+00
#    5  5.018915E-01  0.000000E+00
#    2    4    0
##   3 LJ:    3   3.0   0.0   2.0   1   2
#    3    1    2
#    3 -5.163978E-01  0.000000E+00
#    5 -5.163978E-01  0.000000E+00
#    3    2    2
#    3  5.018915E-01  0.000000E+00
#    5  5.018915E-01  0.000000E+00
#    3    3    5
#    1  1.200000E+01  0.000000E+00
#    2  1.000000E+00  0.000000E+00
#    3 -2.342547E-01  0.000000E+00
#    4  1.000000E+00  0.000000E+00
#    5 -2.342547E-01  0.000000E+00
#    3    4    2
#    3  2.845782E-01  0.000000E+00
#    5  2.845782E-01  0.000000E+00
##   4 LJ:    5   5.0   0.0   2.0   1   2
#    4    1    2
#    3 -6.900656E-01 -0.000000E+00
#    5 -6.900656E-01 -0.000000E+00
#    4    2    0
#    4    3    2
#    3  2.845782E-01  0.000000E+00
#    5  2.845782E-01  0.000000E+00
#    4    4    5
#    1  1.200000E+01  0.000000E+00
#    2  1.000000E+00  0.000000E+00
#    3  4.259177E-01  0.000000E+00
#    4  1.000000E+00  0.000000E+00
#    5  4.259177E-01  0.000000E+00
#    0.0  0    0 : J,pi,NCH
#    4.0  1    4 : J,pi,NCH
##   1 LJ:    4   4.0   0.0   0.0   1   1
#    1    1    3
#    1  1.200000E+01  0.000000E+00
#    2  1.000000E+00  0.000000E+00
#    4  1.000000E+00  0.000000E+00
#    1    2    2
#    3 -5.345225E-01 -0.000000E+00
#    5 -5.345225E-01 -0.000000E+00
#    1    3    2
#    3 -5.096472E-01  0.000000E+00
#    5 -5.096472E-01  0.000000E+00
#    1    4    2
#    3 -6.741999E-01  0.000000E+00
#    5 -6.741999E-01  0.000000E+00
##   2 LJ:    2   2.0   0.0   2.0   1   2
#    2    1    2
#    3 -5.345225E-01  0.000000E+00
#    5 -5.345225E-01  0.000000E+00
#    2    2    5
#    1  1.200000E+01  0.000000E+00
#    2  1.000000E+00  0.000000E+00
#    3  1.825362E-01  0.000000E+00
#    4  1.000000E+00  0.000000E+00
#    5  1.825362E-01  0.000000E+00
#    2    3    2
#    3  4.786138E-01  0.000000E+00
#    5  4.786138E-01  0.000000E+00
#    2    4    0
##   3 LJ:    4   4.0   0.0   2.0   1   2
#    3    1    2
#    3 -5.096472E-01  0.000000E+00
#    5 -5.096472E-01  0.000000E+00
#    3    2    2
#    3  4.786138E-01  0.000000E+00
#    5  4.786138E-01  0.000000E+00
#    3    3    5
#    1  1.200000E+01  0.000000E+00
#    2  1.000000E+00  0.000000E+00
#    3 -2.696557E-01  0.000000E+00
#    4  1.000000E+00  0.000000E+00
#    5 -2.696557E-01  0.000000E+00
#    3    4    2
#    3  3.073288E-01  0.000000E+00
#    5  3.073288E-01  0.000000E+00
##   4 LJ:    6   6.0   0.0   2.0   1   2
#    4    1    2
#    3 -6.741999E-01 -0.000000E+00
#    5 -6.741999E-01 -0.000000E+00
#    4    2    0
#    4    3    2
#    3  3.073288E-01  0.000000E+00
#    5  3.073288E-01  0.000000E+00
#    4    4    5
#    1  1.200000E+01  0.000000E+00
#    2  1.000000E+00  0.000000E+00
#    3  4.065578E-01  0.000000E+00
#    4  1.000000E+00  0.000000E+00
#    5  4.065578E-01  0.000000E+00
#    0.0  0    0 : J,pi,NCH
#    5.0 -1    4 : J,pi,NCH
##   1 LJ:    5   5.0   0.0   0.0   1   1
#    1    1    3
#    1  1.200000E+01  0.000000E+00
#    2  1.000000E+00  0.000000E+00
#    4  1.000000E+00  0.000000E+00
#    1    2    2
#    3 -5.504819E-01 -0.000000E+00
#    5 -5.504819E-01 -0.000000E+00
#    1    3    2
#    3 -5.063697E-01  0.000000E+00
#    5 -5.063697E-01  0.000000E+00
#    1    4    2
#    3 -6.637465E-01  0.000000E+00
#    5 -6.637465E-01  0.000000E+00
##   2 LJ:    3   3.0   0.0   2.0   1   2
#    2    1    2
#    3 -5.504819E-01  0.000000E+00
#    5 -5.504819E-01  0.000000E+00
#    2    2    5
#    1  1.200000E+01  0.000000E+00
#    2  1.000000E+00  0.000000E+00
#    3  2.129589E-01  0.000000E+00
#    4  1.000000E+00  0.000000E+00
#    5  2.129589E-01  0.000000E+00
#    2    3    2
#    3  4.630214E-01  0.000000E+00
#    5  4.630214E-01  0.000000E+00
#    2    4    0
##   3 LJ:    5   5.0   0.0   2.0   1   2
#    3    1    2
#    3 -5.063697E-01  0.000000E+00
#    5 -5.063697E-01  0.000000E+00
#    3    2    2
#    3  4.630214E-01  0.000000E+00
#    5  4.630214E-01  0.000000E+00
#    3    3    5
#    1  1.200000E+01  0.000000E+00
#    2  1.000000E+00  0.000000E+00
#    3 -2.866754E-01  0.000000E+00
#    4  1.000000E+00  0.000000E+00
#    5 -2.866754E-01  0.000000E+00
#    3    4    2
#    3  3.220907E-01  0.000000E+00
#    5  3.220907E-01  0.000000E+00
##   4 LJ:    7   7.0   0.0   2.0   1   2
#    4    1    2
#    3 -6.637465E-01 -0.000000E+00
#    5 -6.637465E-01 -0.000000E+00
#    4    2    0
#    4    3    2
#    3  3.220907E-01  0.000000E+00
#    5  3.220907E-01  0.000000E+00
#    4    4    5
#    1  1.200000E+01  0.000000E+00
#    2  1.000000E+00  0.000000E+00
#    3  3.931548E-01  0.000000E+00
#    4  1.000000E+00  0.000000E+00
#    5  3.931548E-01  0.000000E+00
#    0.0  0    0 : J,pi,NCH
#    6.0  1    4 : J,pi,NCH
##   1 LJ:    6   6.0   0.0   0.0   1   1
#    1    1    3
#    1  1.200000E+01  0.000000E+00
#    2  1.000000E+00  0.000000E+00
#    4  1.000000E+00  0.000000E+00
#    1    2    2
#    3 -5.609682E-01 -0.000000E+00
#    5 -5.609682E-01 -0.000000E+00
#    1    3    2
#    3 -5.045250E-01  0.000000E+00
#    5 -5.045250E-01  0.000000E+00
#    1    4    2
#    3 -6.563301E-01  0.000000E+00
#    5 -6.563301E-01  0.000000E+00
##   2 LJ:    4   4.0   0.0   2.0   1   2
#    2    1    2
#    3 -5.609682E-01  0.000000E+00
#    5 -5.609682E-01  0.000000E+00
#    2    2    5
#    1  1.200000E+01  0.000000E+00
#    2  1.000000E+00  0.000000E+00
#    3  2.323188E-01  0.000000E+00
#    4  1.000000E+00  0.000000E+00
#    5  2.323188E-01  0.000000E+00
#    2    3    2
#    3  4.520411E-01  0.000000E+00
#    5  4.520411E-01  0.000000E+00
#    2    4    0
##   3 LJ:    6   6.0   0.0   2.0   1   2
#    3    1    2
#    3 -5.045250E-01  0.000000E+00
#    5 -5.045250E-01  0.000000E+00
#    3    2    2
#    3  4.520411E-01  0.000000E+00
#    5  4.520411E-01  0.000000E+00
#    3    3    5
#    1  1.200000E+01  0.000000E+00
#    2  1.000000E+00  0.000000E+00
#    3 -2.962064E-01  0.000000E+00
#    4  1.000000E+00  0.000000E+00
#    5 -2.962064E-01  0.000000E+00
#    3    4    2
#    3  3.324426E-01  0.000000E+00
#    5  3.324426E-01  0.000000E+00
##   4 LJ:    8   8.0   0.0   2.0   1   2
#    4    1    2
#    3 -6.563301E-01 -0.000000E+00
#    5 -6.563301E-01 -0.000000E+00
#    4    2    0
#    4    3    2
#    3  3.324426E-01  0.000000E+00
#    5  3.324426E-01  0.000000E+00
#    4    4    5
#    1  1.200000E+01  0.000000E+00
#    2  1.000000E+00  0.000000E+00
#    3  3.833259E-01  0.000000E+00
#    4  1.000000E+00  0.000000E+00
#    5  3.833259E-01  0.000000E+00
#    0.0  0    0 : J,pi,NCH
#    7.0 -1    4 : J,pi,NCH
##   1 LJ:    7   7.0   0.0   0.0   1   1
#    1    1    3
#    1  1.200000E+01  0.000000E+00
#    2  1.000000E+00  0.000000E+00
#    4  1.000000E+00  0.000000E+00
#    1    2    2
#    3 -5.683986E-01 -0.000000E+00
#    5 -5.683986E-01 -0.000000E+00
#    1    3    2
#    3 -5.033822E-01  0.000000E+00
#    5 -5.033822E-01  0.000000E+00
#    1    4    2
#    3 -6.507914E-01  0.000000E+00
#    5 -6.507914E-01  0.000000E+00
##   2 LJ:    5   5.0   0.0   2.0   1   2
#    2    1    2
#    3 -5.683986E-01  0.000000E+00
#    5 -5.683986E-01  0.000000E+00
#    2    2    5
#    1  1.200000E+01  0.000000E+00
#    2  1.000000E+00  0.000000E+00
#    3  2.457218E-01  0.000000E+00
#    4  1.000000E+00  0.000000E+00
#    5  2.457218E-01  0.000000E+00
#    2    3    2
#    3  4.439343E-01  0.000000E+00
#    5  4.439343E-01  0.000000E+00
#    2    4    0
##   3 LJ:    7   7.0   0.0   2.0   1   2
#    3    1    2
#    3 -5.033822E-01  0.000000E+00
#    5 -5.033822E-01  0.000000E+00
#    3    2    2
#    3  4.439343E-01  0.000000E+00
#    5  4.439343E-01  0.000000E+00
#    3    3    5
#    1  1.200000E+01  0.000000E+00
#    2  1.000000E+00  0.000000E+00
#    3 -3.020932E-01  0.000000E+00
#    4  1.000000E+00  0.000000E+00
#    5 -3.020932E-01  0.000000E+00
#    3    4    2
#    3  3.401026E-01  0.000000E+00
#    5  3.401026E-01  0.000000E+00
##   4 LJ:    9   9.0   0.0   2.0   1   2
#    4    1    2
#    3 -6.507914E-01 -0.000000E+00
#    5 -6.507914E-01 -0.000000E+00
#    4    2    0
#    4    3    2
#    3  3.401026E-01  0.000000E+00
#    5  3.401026E-01  0.000000E+00
#    4    4    5
#    1  1.200000E+01  0.000000E+00
#    2  1.000000E+00  0.000000E+00
#    3  3.758097E-01  0.000000E+00
#    4  1.000000E+00  0.000000E+00
#    5  3.758097E-01  0.000000E+00
#    0.0  0    0 : J,pi,NCH
#    8.0  1    4 : J,pi,NCH
##   1 LJ:    8   8.0   0.0   0.0   1   1
#    1    1    3
#    1  1.200000E+01  0.000000E+00
#    2  1.000000E+00  0.000000E+00
#    4  1.000000E+00  0.000000E+00
#    1    2    2
#    3 -5.739440E-01 -0.000000E+00
#    5 -5.739440E-01 -0.000000E+00
#    1    3    2
#    3 -5.026247E-01  0.000000E+00
#    5 -5.026247E-01  0.000000E+00
#    1    4    2
#    3 -6.464957E-01  0.000000E+00
#    5 -6.464957E-01  0.000000E+00
##   2 LJ:    6   6.0   0.0   2.0   1   2
#    2    1    2
#    3 -5.739440E-01  0.000000E+00
#    5 -5.739440E-01  0.000000E+00
#    2    2    5
#    1  1.200000E+01  0.000000E+00
#    2  1.000000E+00  0.000000E+00
#    3  2.555506E-01  0.000000E+00
#    4  1.000000E+00  0.000000E+00
#    5  2.555506E-01  0.000000E+00
#    2    3    2
#    3  4.377175E-01  0.000000E+00
#    5  4.377175E-01  0.000000E+00
#    2    4    0
##   3 LJ:    8   8.0   0.0   2.0   1   2
#    3    1    2
#    3 -5.026247E-01  0.000000E+00
#    5 -5.026247E-01  0.000000E+00
#    3    2    2
#    3  4.377175E-01  0.000000E+00
#    5  4.377175E-01  0.000000E+00
#    3    3    5
#    1  1.200000E+01  0.000000E+00
#    2  1.000000E+00  0.000000E+00
#    3 -3.059882E-01  0.000000E+00
#    4  1.000000E+00  0.000000E+00
#    5 -3.059882E-01  0.000000E+00
#    3    4    2
#    3  3.459992E-01  0.000000E+00
#    5  3.459992E-01  0.000000E+00
##   4 LJ:   10  10.0   0.0   2.0   1   2
#    4    1    2
#    3 -6.464957E-01 -0.000000E+00
#    5 -6.464957E-01 -0.000000E+00
#    4    2    0
#    4    3    2
#    3  3.459992E-01  0.000000E+00
#    5  3.459992E-01  0.000000E+00
#    4    4    5
#    1  1.200000E+01  0.000000E+00
#    2  1.000000E+00  0.000000E+00
#    3  3.698759E-01  0.000000E+00
#    4  1.000000E+00  0.000000E+00
#    5  3.698759E-01  0.000000E+00
#    0.0  0    0 : J,pi,NCH
#    9.0 -1    4 : J,pi,NCH
##   1 LJ:    9   9.0   0.0   0.0   1   1
#    1    1    3
#    1  1.200000E+01  0.000000E+00
#    2  1.000000E+00  0.000000E+00
#    4  1.000000E+00  0.000000E+00
#    1    2    2
#    3 -5.782433E-01 -0.000000E+00
#    5 -5.782433E-01 -0.000000E+00
#    1    3    2
#    3 -5.020964E-01  0.000000E+00
#    5 -5.020964E-01  0.000000E+00
#    1    4    2
#    3 -6.430660E-01  0.000000E+00
#    5 -6.430660E-01  0.000000E+00
##   2 LJ:    7   7.0   0.0   2.0   1   2
#    2    1    2
#    3 -5.782433E-01  0.000000E+00
#    5 -5.782433E-01  0.000000E+00
#    2    2    5
#    1  1.200000E+01  0.000000E+00
#    2  1.000000E+00  0.000000E+00
#    3  2.630668E-01  0.000000E+00
#    4  1.000000E+00  0.000000E+00
#    5  2.630668E-01  0.000000E+00
#    2    3    2
#    3  4.328042E-01  0.000000E+00
#    5  4.328042E-01  0.000000E+00
#    2    4    0
##   3 LJ:    9   9.0   0.0   2.0   1   2
#    3    1    2
#    3 -5.020964E-01  0.000000E+00
#    5 -5.020964E-01  0.000000E+00
#    3    2    2
#    3  4.328042E-01  0.000000E+00
#    5  4.328042E-01  0.000000E+00
#    3    3    5
#    1  1.200000E+01  0.000000E+00
#    2  1.000000E+00  0.000000E+00
#    3 -3.087009E-01  0.000000E+00
#    4  1.000000E+00  0.000000E+00
#    5 -3.087009E-01  0.000000E+00
#    3    4    2
#    3  3.506780E-01  0.000000E+00
#    5  3.506780E-01  0.000000E+00
##   4 LJ:   11  11.0   0.0   2.0   1   2
#    4    1    2
#    3 -6.430660E-01 -0.000000E+00
#    5 -6.430660E-01 -0.000000E+00
#    4    2    0
#    4    3    2
#    3  3.506780E-01  0.000000E+00
#    5  3.506780E-01  0.000000E+00
#    4    4    5
#    1  1.200000E+01  0.000000E+00
#    2  1.000000E+00  0.000000E+00
#    3  3.650723E-01  0.000000E+00
#    4  1.000000E+00  0.000000E+00
#    5  3.650723E-01  0.000000E+00
#    0.0  0    0 : J,pi,NCH
#   10.0  1    4 : J,pi,NCH
##   1 LJ:   10  10.0   0.0   0.0   1   1
#    1    1    3
#    1  1.200000E+01  0.000000E+00
#    2  1.000000E+00  0.000000E+00
#    4  1.000000E+00  0.000000E+00
#    1    2    2
#    3 -5.816750E-01 -0.000000E+00
#    5 -5.816750E-01 -0.000000E+00
#    1    3    2
#    3 -5.017133E-01  0.000000E+00
#    5 -5.017133E-01  0.000000E+00
#    1    4    2
#    3 -6.402639E-01  0.000000E+00
#    5 -6.402639E-01  0.000000E+00
##   2 LJ:    8   8.0   0.0   2.0   1   2
#    2    1    2
#    3 -5.816750E-01  0.000000E+00
#    5 -5.816750E-01  0.000000E+00
#    2    2    5
#    1  1.200000E+01  0.000000E+00
#    2  1.000000E+00  0.000000E+00
#    3  2.690007E-01  0.000000E+00
#    4  1.000000E+00  0.000000E+00
#    5  2.690007E-01  0.000000E+00
#    2    3    2
#    3  4.288257E-01  0.000000E+00
#    5  4.288257E-01  0.000000E+00
#    2    4    0
##   3 LJ:   10  10.0   0.0   2.0   1   2
#    3    1    2
#    3 -5.017133E-01  0.000000E+00
#    5 -5.017133E-01  0.000000E+00
#    3    2    2
#    3  4.288257E-01  0.000000E+00
#    5  4.288257E-01  0.000000E+00
#    3    3    5
#    1  1.200000E+01  0.000000E+00
#    2  1.000000E+00  0.000000E+00
#    3 -3.106665E-01  0.000000E+00
#    4  1.000000E+00  0.000000E+00
#    5 -3.106665E-01  0.000000E+00
#    3    4    2
#    3  3.544806E-01  0.000000E+00
#    5  3.544806E-01  0.000000E+00
##   4 LJ:   12  12.0   0.0   2.0   1   2
#    4    1    2
#    3 -6.402639E-01 -0.000000E+00
#    5 -6.402639E-01 -0.000000E+00
#    4    2    0
#    4    3    2
#    3  3.544806E-01  0.000000E+00
#    5  3.544806E-01  0.000000E+00
#    4    4    5
#    1  1.200000E+01  0.000000E+00
#    2  1.000000E+00  0.000000E+00
#    3  3.611041E-01  0.000000E+00
#    4  1.000000E+00  0.000000E+00
#    5  3.611041E-01  0.000000E+00
#    0.0  0    0 : J,pi,NCH
#   11.0 -1    4 : J,pi,NCH
##   1 LJ:   11  11.0   0.0   0.0   1   1
#    1    1    3
#    1  1.200000E+01  0.000000E+00
#    2  1.000000E+00  0.000000E+00
#    4  1.000000E+00  0.000000E+00
#    1    2    2
#    3 -5.844783E-01 -0.000000E+00
#    5 -5.844783E-01 -0.000000E+00
#    1    3    2
#    3 -5.014265E-01  0.000000E+00
#    5 -5.014265E-01  0.000000E+00
#    1    4    2
#    3 -6.379315E-01  0.000000E+00
#    5 -6.379315E-01  0.000000E+00
##   2 LJ:    9   9.0   0.0   2.0   1   2
#    2    1    2
#    3 -5.844783E-01  0.000000E+00
#    5 -5.844783E-01  0.000000E+00
#    2    2    5
#    1  1.200000E+01  0.000000E+00
#    2  1.000000E+00  0.000000E+00
#    3  2.738042E-01  0.000000E+00
#    4  1.000000E+00  0.000000E+00
#    5  2.738042E-01  0.000000E+00
#    2    3    2
#    3  4.255396E-01  0.000000E+00
#    5  4.255396E-01  0.000000E+00
#    2    4    0
##   3 LJ:   11  11.0   0.0   2.0   1   2
#    3    1    2
#    3 -5.014265E-01  0.000000E+00
#    5 -5.014265E-01  0.000000E+00
#    3    2    2
#    3  4.255396E-01  0.000000E+00
#    5  4.255396E-01  0.000000E+00
#    3    3    5
#    1  1.200000E+01  0.000000E+00
#    2  1.000000E+00  0.000000E+00
#    3 -3.121368E-01  0.000000E+00
#    4  1.000000E+00  0.000000E+00
#    5 -3.121368E-01  0.000000E+00
#    3    4    2
#    3  3.576320E-01  0.000000E+00
#    5  3.576320E-01  0.000000E+00
##   4 LJ:   13  13.0   0.0   2.0   1   2
#    4    1    2
#    3 -6.379315E-01 -0.000000E+00
#    5 -6.379315E-01 -0.000000E+00
#    4    2    0
#    4    3    2
#    3  3.576320E-01  0.000000E+00
#    5  3.576320E-01  0.000000E+00
#    4    4    5
#    1  1.200000E+01  0.000000E+00
#    2  1.000000E+00  0.000000E+00
#    3  3.577709E-01  0.000000E+00
#    4  1.000000E+00  0.000000E+00
#    5  3.577709E-01  0.000000E+00
#    0.0  0    0 : J,pi,NCH
#   12.0  1    4 : J,pi,NCH
##   1 LJ:   12  12.0   0.0   0.0   1   1
#    1    1    3
#    1  1.200000E+01  0.000000E+00
#    2  1.000000E+00  0.000000E+00
#    4  1.000000E+00  0.000000E+00
#    1    2    2
#    3 -5.868116E-01 -0.000000E+00
#    5 -5.868116E-01 -0.000000E+00
#    1    3    2
#    3 -5.012063E-01  0.000000E+00
#    5 -5.012063E-01  0.000000E+00
#    1    4    2
#    3 -6.359594E-01  0.000000E+00
#    5 -6.359594E-01  0.000000E+00
##   2 LJ:   10  10.0   0.0   2.0   1   2
#    2    1    2
#    3 -5.868116E-01  0.000000E+00
#    5 -5.868116E-01  0.000000E+00
#    2    2    5
#    1  1.200000E+01  0.000000E+00
#    2  1.000000E+00  0.000000E+00
#    3  2.777724E-01  0.000000E+00
#    4  1.000000E+00  0.000000E+00
#    5  2.777724E-01  0.000000E+00
#    2    3    2
#    3  4.227802E-01  0.000000E+00
#    5  4.227802E-01  0.000000E+00
#    2    4    0
##   3 LJ:   12  12.0   0.0   2.0   1   2
#    3    1    2
#    3 -5.012063E-01  0.000000E+00
#    5 -5.012063E-01  0.000000E+00
#    3    2    2
#    3  4.227802E-01  0.000000E+00
#    5  4.227802E-01  0.000000E+00
#    3    3    5
#    1  1.200000E+01  0.000000E+00
#    2  1.000000E+00  0.000000E+00
#    3 -3.132656E-01  0.000000E+00
#    4  1.000000E+00  0.000000E+00
#    5 -3.132656E-01  0.000000E+00
#    3    4    2
#    3  3.602860E-01  0.000000E+00
#    5  3.602860E-01  0.000000E+00
##   4 LJ:   14  14.0   0.0   2.0   1   2
#    4    1    2
#    3 -6.359594E-01 -0.000000E+00
#    5 -6.359594E-01 -0.000000E+00
#    4    2    0
#    4    3    2
#    3  3.602860E-01  0.000000E+00
#    5  3.602860E-01  0.000000E+00
#    4    4    5
#    1  1.200000E+01  0.000000E+00
#    2  1.000000E+00  0.000000E+00
#    3  3.549314E-01  0.000000E+00
#    4  1.000000E+00  0.000000E+00
#    5  3.549314E-01  0.000000E+00
#    0.0  0    0 : J,pi,NCH
#   13.0 -1    4 : J,pi,NCH
##   1 LJ:   13  13.0   0.0   0.0   1   1
#    1    1    3
#    1  1.200000E+01  0.000000E+00
#    2  1.000000E+00  0.000000E+00
#    4  1.000000E+00  0.000000E+00
#    1    2    2
#    3 -5.887841E-01 -0.000000E+00
#    5 -5.887841E-01 -0.000000E+00
#    1    3    2
#    3 -5.010334E-01  0.000000E+00
#    5 -5.010334E-01  0.000000E+00
#    1    4    2
#    3 -6.342703E-01  0.000000E+00
#    5 -6.342703E-01  0.000000E+00
##   2 LJ:   11  11.0   0.0   2.0   1   2
#    2    1    2
#    3 -5.887841E-01  0.000000E+00
#    5 -5.887841E-01  0.000000E+00
#    2    2    5
#    1  1.200000E+01  0.000000E+00
#    2  1.000000E+00  0.000000E+00
#    3  2.811057E-01  0.000000E+00
#    4  1.000000E+00  0.000000E+00
#    5  2.811057E-01  0.000000E+00
#    2    3    2
#    3  4.204306E-01  0.000000E+00
#    5  4.204306E-01  0.000000E+00
#    2    4    0
##   3 LJ:   13  13.0   0.0   2.0   1   2
#    3    1    2
#    3 -5.010334E-01  0.000000E+00
#    5 -5.010334E-01  0.000000E+00
#    3    2    2
#    3  4.204306E-01  0.000000E+00
#    5  4.204306E-01  0.000000E+00
#    3    3    5
#    1  1.200000E+01  0.000000E+00
#    2  1.000000E+00  0.000000E+00
#    3 -3.141510E-01  0.000000E+00
#    4  1.000000E+00  0.000000E+00
#    5 -3.141510E-01  0.000000E+00
#    3    4    2
#    3  3.625518E-01  0.000000E+00
#    5  3.625518E-01  0.000000E+00
##   4 LJ:   15  15.0   0.0   2.0   1   2
#    4    1    2
#    3 -6.342703E-01 -0.000000E+00
#    5 -6.342703E-01 -0.000000E+00
#    4    2    0
#    4    3    2
#    3  3.625518E-01  0.000000E+00
#    5  3.625518E-01  0.000000E+00
#    4    4    5
#    1  1.200000E+01  0.000000E+00
#    2  1.000000E+00  0.000000E+00
#    3  3.524836E-01  0.000000E+00
#    4  1.000000E+00  0.000000E+00
#    5  3.524836E-01  0.000000E+00
#    0.0  0    0 : J,pi,NCH
#   14.0  1    4 : J,pi,NCH
##   1 LJ:   14  14.0   0.0   0.0   1   1
#    1    1    3
#    1  1.200000E+01  0.000000E+00
#    2  1.000000E+00  0.000000E+00
#    4  1.000000E+00  0.000000E+00
#    1    2    2
#    3 -5.904735E-01 -0.000000E+00
#    5 -5.904735E-01 -0.000000E+00
#    1    3    2
#    3 -5.008953E-01  0.000000E+00
#    5 -5.008953E-01  0.000000E+00
#    1    4    2
#    3 -6.328072E-01  0.000000E+00
#    5 -6.328072E-01  0.000000E+00
##   2 LJ:   12  12.0   0.0   2.0   1   2
#    2    1    2
#    3 -5.904735E-01  0.000000E+00
#    5 -5.904735E-01  0.000000E+00
#    2    2    5
#    1  1.200000E+01  0.000000E+00
#    2  1.000000E+00  0.000000E+00
#    3  2.839451E-01  0.000000E+00
#    4  1.000000E+00  0.000000E+00
#    5  2.839451E-01  0.000000E+00
#    2    3    2
#    3  4.184061E-01  0.000000E+00
#    5  4.184061E-01  0.000000E+00
#    2    4    0
##   3 LJ:   14  14.0   0.0   2.0   1   2
#    3    1    2
#    3 -5.008953E-01  0.000000E+00
#    5 -5.008953E-01  0.000000E+00
#    3    2    2
#    3  4.184061E-01  0.000000E+00
#    5  4.184061E-01  0.000000E+00
#    3    3    5
#    1  1.200000E+01  0.000000E+00
#    2  1.000000E+00  0.000000E+00
#    3 -3.148585E-01  0.000000E+00
#    4  1.000000E+00  0.000000E+00
#    5 -3.148585E-01  0.000000E+00
#    3    4    2
#    3  3.645086E-01  0.000000E+00
#    5  3.645086E-01  0.000000E+00
##   4 LJ:   16  16.0   0.0   2.0   1   2
#    4    1    2
#    3 -6.328072E-01 -0.000000E+00
#    5 -6.328072E-01 -0.000000E+00
#    4    2    0
#    4    3    2
#    3  3.645086E-01  0.000000E+00
#    5  3.645086E-01  0.000000E+00
#    4    4    5
#    1  1.200000E+01  0.000000E+00
#    2  1.000000E+00  0.000000E+00
#    3  3.503517E-01  0.000000E+00
#    4  1.000000E+00  0.000000E+00
#    5  3.503517E-01  0.000000E+00
#    0.0  0    0 : J,pi,NCH
#   15.0 -1    4 : J,pi,NCH
##   1 LJ:   15  15.0   0.0   0.0   1   1
#    1    1    3
#    1  1.200000E+01  0.000000E+00
#    2  1.000000E+00  0.000000E+00
#    4  1.000000E+00  0.000000E+00
#    1    2    2
#    3 -5.919369E-01 -0.000000E+00
#    5 -5.919369E-01 -0.000000E+00
#    1    3    2
#    3 -5.007831E-01  0.000000E+00
#    5 -5.007831E-01  0.000000E+00
#    1    4    2
#    3 -6.315275E-01  0.000000E+00
#    5 -6.315275E-01  0.000000E+00
##   2 LJ:   13  13.0   0.0   2.0   1   2
#    2    1    2
#    3 -5.919369E-01  0.000000E+00
#    5 -5.919369E-01  0.000000E+00
#    2    2    5
#    1  1.200000E+01  0.000000E+00
#    2  1.000000E+00  0.000000E+00
#    3  2.863929E-01  0.000000E+00
#    4  1.000000E+00  0.000000E+00
#    5  2.863929E-01  0.000000E+00
#    2    3    2
#    3  4.166436E-01  0.000000E+00
#    5  4.166436E-01  0.000000E+00
#    2    4    0
##   3 LJ:   15  15.0   0.0   2.0   1   2
#    3    1    2
#    3 -5.007831E-01  0.000000E+00
#    5 -5.007831E-01  0.000000E+00
#    3    2    2
#    3  4.166436E-01  0.000000E+00
#    5  4.166436E-01  0.000000E+00
#    3    3    5
#    1  1.200000E+01  0.000000E+00
#    2  1.000000E+00  0.000000E+00
#    3 -3.154328E-01  0.000000E+00
#    4  1.000000E+00  0.000000E+00
#    5 -3.154328E-01  0.000000E+00
#    3    4    2
#    3  3.662156E-01  0.000000E+00
#    5  3.662156E-01  0.000000E+00
##   4 LJ:   17  17.0   0.0   2.0   1   2
#    4    1    2
#    3 -6.315275E-01 -0.000000E+00
#    5 -6.315275E-01 -0.000000E+00
#    4    2    0
#    4    3    2
#    3  3.662156E-01  0.000000E+00
#    5  3.662156E-01  0.000000E+00
#    4    4    5
#    1  1.200000E+01  0.000000E+00
#    2  1.000000E+00  0.000000E+00
#    3  3.484781E-01  0.000000E+00
#    4  1.000000E+00  0.000000E+00
#    5  3.484781E-01  0.000000E+00
#    0.0  0    0 : J,pi,NCH
#   16.0  1    4 : J,pi,NCH
##   1 LJ:   16  16.0   0.0   0.0   1   1
#    1    1    3
#    1  1.200000E+01  0.000000E+00
#    2  1.000000E+00  0.000000E+00
#    4  1.000000E+00  0.000000E+00
#    1    2    2
#    3 -5.932168E-01 -0.000000E+00
#    5 -5.932168E-01 -0.000000E+00
#    1    3    2
#    3 -5.006908E-01  0.000000E+00
#    5 -5.006908E-01  0.000000E+00
#    1    4    2
#    3 -6.303988E-01  0.000000E+00
#    5 -6.303988E-01  0.000000E+00
##   2 LJ:   14  14.0   0.0   2.0   1   2
#    2    1    2
#    3 -5.932168E-01  0.000000E+00
#    5 -5.932168E-01  0.000000E+00
#    2    2    5
#    1  1.200000E+01  0.000000E+00
#    2  1.000000E+00  0.000000E+00
#    3  2.885249E-01  0.000000E+00
#    4  1.000000E+00  0.000000E+00
#    5  2.885249E-01  0.000000E+00
#    2    3    2
#    3  4.150955E-01  0.000000E+00
#    5  4.150955E-01  0.000000E+00
#    2    4    0
##   3 LJ:   16  16.0   0.0   2.0   1   2
#    3    1    2
#    3 -5.006908E-01  0.000000E+00
#    5 -5.006908E-01  0.000000E+00
#    3    2    2
#    3  4.150955E-01  0.000000E+00
#    5  4.150955E-01  0.000000E+00
#    3    3    5
#    1  1.200000E+01  0.000000E+00
#    2  1.000000E+00  0.000000E+00
#    3 -3.159053E-01  0.000000E+00
#    4  1.000000E+00  0.000000E+00
#    5 -3.159053E-01  0.000000E+00
#    3    4    2
#    3  3.677178E-01  0.000000E+00
#    5  3.677178E-01  0.000000E+00
##   4 LJ:   18  18.0   0.0   2.0   1   2
#    4    1    2
#    3 -6.303988E-01 -0.000000E+00
#    5 -6.303988E-01 -0.000000E+00
#    4    2    0
#    4    3    2
#    3  3.677178E-01  0.000000E+00
#    5  3.677178E-01  0.000000E+00
#    4    4    5
#    1  1.200000E+01  0.000000E+00
#    2  1.000000E+00  0.000000E+00
#    3  3.468187E-01  0.000000E+00
#    4  1.000000E+00  0.000000E+00
#    5  3.468187E-01  0.000000E+00
#    0.0  0    0 : J,pi,NCH
#   17.0 -1    4 : J,pi,NCH
##   1 LJ:   17  17.0   0.0   0.0   1   1
#    1    1    3
#    1  1.200000E+01  0.000000E+00
#    2  1.000000E+00  0.000000E+00
#    4  1.000000E+00  0.000000E+00
#    1    2    2
#    3 -5.943457E-01 -0.000000E+00
#    5 -5.943457E-01 -0.000000E+00
#    1    3    2
#    3 -5.006139E-01  0.000000E+00
#    5 -5.006139E-01  0.000000E+00
#    1    4    2
#    3 -6.293958E-01  0.000000E+00
#    5 -6.293958E-01  0.000000E+00
##   2 LJ:   15  15.0   0.0   2.0   1   2
#    2    1    2
#    3 -5.943457E-01  0.000000E+00
#    5 -5.943457E-01  0.000000E+00
#    2    2    5
#    1  1.200000E+01  0.000000E+00
#    2  1.000000E+00  0.000000E+00
#    3  2.903984E-01  0.000000E+00
#    4  1.000000E+00  0.000000E+00
#    5  2.903984E-01  0.000000E+00
#    2    3    2
#    3  4.137250E-01  0.000000E+00
#    5  4.137250E-01  0.000000E+00
#    2    4    0
##   3 LJ:   17  17.0   0.0   2.0   1   2
#    3    1    2
#    3 -5.006139E-01  0.000000E+00
#    5 -5.006139E-01  0.000000E+00
#    3    2    2
#    3  4.137250E-01  0.000000E+00
#    5  4.137250E-01  0.000000E+00
#    3    3    5
#    1  1.200000E+01  0.000000E+00
#    2  1.000000E+00  0.000000E+00
#    3 -3.162988E-01  0.000000E+00
#    4  1.000000E+00  0.000000E+00
#    5 -3.162988E-01  0.000000E+00
#    3    4    2
#    3  3.690499E-01  0.000000E+00
#    5  3.690499E-01  0.000000E+00
##   4 LJ:   19  19.0   0.0   2.0   1   2
#    4    1    2
#    3 -6.293958E-01 -0.000000E+00
#    5 -6.293958E-01 -0.000000E+00
#    4    2    0
#    4    3    2
#    3  3.690499E-01  0.000000E+00
#    5  3.690499E-01  0.000000E+00
#    4    4    5
#    1  1.200000E+01  0.000000E+00
#    2  1.000000E+00  0.000000E+00
#    3  3.453387E-01  0.000000E+00
#    4  1.000000E+00  0.000000E+00
#    5  3.453387E-01  0.000000E+00
#    0.0  0    0 : J,pi,NCH
#   18.0  1    4 : J,pi,NCH
##   1 LJ:   18  18.0   0.0   0.0   1   1
#    1    1    3
#    1  1.200000E+01  0.000000E+00
#    2  1.000000E+00  0.000000E+00
#    4  1.000000E+00  0.000000E+00
#    1    2    2
#    3 -5.953488E-01 -0.000000E+00
#    5 -5.953488E-01 -0.000000E+00
#    1    3    2
#    3 -5.005491E-01  0.000000E+00
#    5 -5.005491E-01  0.000000E+00
#    1    4    2
#    3 -6.284985E-01  0.000000E+00
#    5 -6.284985E-01  0.000000E+00
##   2 LJ:   16  16.0   0.0   2.0   1   2
#    2    1    2
#    3 -5.953488E-01  0.000000E+00
#    5 -5.953488E-01  0.000000E+00
#    2    2    5
#    1  1.200000E+01  0.000000E+00
#    2  1.000000E+00  0.000000E+00
#    3  2.920579E-01  0.000000E+00
#    4  1.000000E+00  0.000000E+00
#    5  2.920579E-01  0.000000E+00
#    2    3    2
#    3  4.125031E-01  0.000000E+00
#    5  4.125031E-01  0.000000E+00
#    2    4    0
##   3 LJ:   18  18.0   0.0   2.0   1   2
#    3    1    2
#    3 -5.005491E-01  0.000000E+00
#    5 -5.005491E-01  0.000000E+00
#    3    2    2
#    3  4.125031E-01  0.000000E+00
#    5  4.125031E-01  0.000000E+00
#    3    3    5
#    1  1.200000E+01  0.000000E+00
#    2  1.000000E+00  0.000000E+00
#    3 -3.166300E-01  0.000000E+00
#    4  1.000000E+00  0.000000E+00
#    5 -3.166300E-01  0.000000E+00
#    3    4    2
#    3  3.702392E-01  0.000000E+00
#    5  3.702392E-01  0.000000E+00
##   4 LJ:   20  20.0   0.0   2.0   1   2
#    4    1    2
#    3 -6.284985E-01 -0.000000E+00
#    5 -6.284985E-01 -0.000000E+00
#    4    2    0
#    4    3    2
#    3  3.702392E-01  0.000000E+00
#    5  3.702392E-01  0.000000E+00
#    4    4    5
#    1  1.200000E+01  0.000000E+00
#    2  1.000000E+00  0.000000E+00
#    3  3.440105E-01  0.000000E+00
#    4  1.000000E+00  0.000000E+00
#    5  3.440105E-01  0.000000E+00
#    0.0  0    0 : J,pi,NCH
#   19.0 -1    4 : J,pi,NCH
##   1 LJ:   19  19.0   0.0   0.0   1   1
#    1    1    3
#    1  1.200000E+01  0.000000E+00
#    2  1.000000E+00  0.000000E+00
#    4  1.000000E+00  0.000000E+00
#    1    2    2
#    3 -5.962461E-01 -0.000000E+00
#    5 -5.962461E-01 -0.000000E+00
#    1    3    2
#    3 -5.004942E-01  0.000000E+00
#    5 -5.004942E-01  0.000000E+00
#    1    4    2
#    3 -6.276912E-01  0.000000E+00
#    5 -6.276912E-01  0.000000E+00
##   2 LJ:   17  17.0   0.0   2.0   1   2
#    2    1    2
#    3 -5.962461E-01  0.000000E+00
#    5 -5.962461E-01  0.000000E+00
#    2    2    5
#    1  1.200000E+01  0.000000E+00
#    2  1.000000E+00  0.000000E+00
#    3  2.935379E-01  0.000000E+00
#    4  1.000000E+00  0.000000E+00
#    5  2.935379E-01  0.000000E+00
#    2    3    2
#    3  4.114071E-01  0.000000E+00
#    5  4.114071E-01  0.000000E+00
#    2    4    0
##   3 LJ:   19  19.0   0.0   2.0   1   2
#    3    1    2
#    3 -5.004942E-01  0.000000E+00
#    5 -5.004942E-01  0.000000E+00
#    3    2    2
#    3  4.114071E-01  0.000000E+00
#    5  4.114071E-01  0.000000E+00
#    3    3    5
#    1  1.200000E+01  0.000000E+00
#    2  1.000000E+00  0.000000E+00
#    3 -3.169114E-01  0.000000E+00
#    4  1.000000E+00  0.000000E+00
#    5 -3.169114E-01  0.000000E+00
#    3    4    2
#    3  3.713075E-01  0.000000E+00
#    5  3.713075E-01  0.000000E+00
##   4 LJ:   21  21.0   0.0   2.0   1   2
#    4    1    2
#    3 -6.276912E-01 -0.000000E+00
#    5 -6.276912E-01 -0.000000E+00
#    4    2    0
#    4    3    2
#    3  3.713075E-01  0.000000E+00
#    5  3.713075E-01  0.000000E+00
#    4    4    5
#    1  1.200000E+01  0.000000E+00
#    2  1.000000E+00  0.000000E+00
#    3  3.428118E-01  0.000000E+00
#    4  1.000000E+00  0.000000E+00
#    5  3.428118E-01  0.000000E+00
#    0.0  0    0 : J,pi,NCH
#   20.0  1    4 : J,pi,NCH
##   1 LJ:   20  20.0   0.0   0.0   1   1
#    1    1    3
#    1  1.200000E+01  0.000000E+00
#    2  1.000000E+00  0.000000E+00
#    4  1.000000E+00  0.000000E+00
#    1    2    2
#    3 -5.970534E-01 -0.000000E+00
#    5 -5.970534E-01 -0.000000E+00
#    1    3    2
#    3 -5.004470E-01  0.000000E+00
#    5 -5.004470E-01  0.000000E+00
#    1    4    2
#    3 -6.269609E-01  0.000000E+00
#    5 -6.269609E-01  0.000000E+00
##   2 LJ:   18  18.0   0.0   2.0   1   2
#    2    1    2
#    3 -5.970534E-01  0.000000E+00
#    5 -5.970534E-01  0.000000E+00
#    2    2    5
#    1  1.200000E+01  0.000000E+00
#    2  1.000000E+00  0.000000E+00
#    3  2.948661E-01  0.000000E+00
#    4  1.000000E+00  0.000000E+00
#    5  2.948661E-01  0.000000E+00
#    2    3    2
#    3  4.104183E-01  0.000000E+00
#    5  4.104183E-01  0.000000E+00
#    2    4    0
##   3 LJ:   20  20.0   0.0   2.0   1   2
#    3    1    2
#    3 -5.004470E-01  0.000000E+00
#    5 -5.004470E-01  0.000000E+00
#    3    2    2
#    3  4.104183E-01  0.000000E+00
#    5  4.104183E-01  0.000000E+00
#    3    3    5
#    1  1.200000E+01  0.000000E+00
#    2  1.000000E+00  0.000000E+00
#    3 -3.171525E-01  0.000000E+00
#    4  1.000000E+00  0.000000E+00
#    5 -3.171525E-01  0.000000E+00
#    3    4    2
#    3  3.722724E-01  0.000000E+00
#    5  3.722724E-01  0.000000E+00
##   4 LJ:   22  22.0   0.0   2.0   1   2
#    4    1    2
#    3 -6.269609E-01 -0.000000E+00
#    5 -6.269609E-01 -0.000000E+00
#    4    2    0
#    4    3    2
#    3  3.722724E-01  0.000000E+00
#    5  3.722724E-01  0.000000E+00
#    4    4    5
#    1  1.200000E+01  0.000000E+00
#    2  1.000000E+00  0.000000E+00
#    3  3.417247E-01  0.000000E+00
#    4  1.000000E+00  0.000000E+00
#    5  3.417247E-01  0.000000E+00
#    0.0  0    0 : J,pi,NCH
#   21.0 -1    4 : J,pi,NCH
##   1 LJ:   21  21.0   0.0   0.0   1   1
#    1    1    3
#    1  1.200000E+01  0.000000E+00
#    2  1.000000E+00  0.000000E+00
#    4  1.000000E+00  0.000000E+00
#    1    2    2
#    3 -5.977838E-01 -0.000000E+00
#    5 -5.977838E-01 -0.000000E+00
#    1    3    2
#    3 -5.004063E-01  0.000000E+00
#    5 -5.004063E-01  0.000000E+00
#    1    4    2
#    3 -6.262971E-01  0.000000E+00
#    5 -6.262971E-01  0.000000E+00
##   2 LJ:   19  19.0   0.0   2.0   1   2
#    2    1    2
#    3 -5.977838E-01  0.000000E+00
#    5 -5.977838E-01  0.000000E+00
#    2    2    5
#    1  1.200000E+01  0.000000E+00
#    2  1.000000E+00  0.000000E+00
#    3  2.960647E-01  0.000000E+00
#    4  1.000000E+00  0.000000E+00
#    5  2.960647E-01  0.000000E+00
#    2    3    2
#    3  4.095219E-01  0.000000E+00
#    5  4.095219E-01  0.000000E+00
#    2    4    0
##   3 LJ:   21  21.0   0.0   2.0   1   2
#    3    1    2
#    3 -5.004063E-01  0.000000E+00
#    5 -5.004063E-01  0.000000E+00
#    3    2    2
#    3  4.095219E-01  0.000000E+00
#    5  4.095219E-01  0.000000E+00
#    3    3    5
#    1  1.200000E+01  0.000000E+00
#    2  1.000000E+00  0.000000E+00
#    3 -3.173606E-01  0.000000E+00
#    4  1.000000E+00  0.000000E+00
#    5 -3.173606E-01  0.000000E+00
#    3    4    2
#    3  3.731482E-01  0.000000E+00
#    5  3.731482E-01  0.000000E+00
##   4 LJ:   23  23.0   0.0   2.0   1   2
#    4    1    2
#    3 -6.262971E-01 -0.000000E+00
#    5 -6.262971E-01 -0.000000E+00
#    4    2    0
#    4    3    2
#    3  3.731482E-01  0.000000E+00
#    5  3.731482E-01  0.000000E+00
#    4    4    5
#    1  1.200000E+01  0.000000E+00
#    2  1.000000E+00  0.000000E+00
#    3  3.407342E-01  0.000000E+00
#    4  1.000000E+00  0.000000E+00
#    5  3.407342E-01  0.000000E+00
#    0.0  0    0 : J,pi,NCH
#   22.0  1    4 : J,pi,NCH
##   1 LJ:   22  22.0   0.0   0.0   1   1
#    1    1    3
#    1  1.200000E+01  0.000000E+00
#    2  1.000000E+00  0.000000E+00
#    4  1.000000E+00  0.000000E+00
#    1    2    2
#    3 -5.984476E-01 -0.000000E+00
#    5 -5.984476E-01 -0.000000E+00
#    1    3    2
#    3 -5.003710E-01  0.000000E+00
#    5 -5.003710E-01  0.000000E+00
#    1    4    2
#    3 -6.256911E-01  0.000000E+00
#    5 -6.256911E-01  0.000000E+00
##   2 LJ:   20  20.0   0.0   2.0   1   2
#    2    1    2
#    3 -5.984476E-01  0.000000E+00
#    5 -5.984476E-01  0.000000E+00
#    2    2    5
#    1  1.200000E+01  0.000000E+00
#    2  1.000000E+00  0.000000E+00
#    3  2.971519E-01  0.000000E+00
#    4  1.000000E+00  0.000000E+00
#    5  2.971519E-01  0.000000E+00
#    2    3    2
#    3  4.087054E-01  0.000000E+00
#    5  4.087054E-01  0.000000E+00
#    2    4    0
##   3 LJ:   22  22.0   0.0   2.0   1   2
#    3    1    2
#    3 -5.003710E-01  0.000000E+00
#    5 -5.003710E-01  0.000000E+00
#    3    2    2
#    3  4.087054E-01  0.000000E+00
#    5  4.087054E-01  0.000000E+00
#    3    3    5
#    1  1.200000E+01  0.000000E+00
#    2  1.000000E+00  0.000000E+00
#    3 -3.175416E-01  0.000000E+00
#    4  1.000000E+00  0.000000E+00
#    5 -3.175416E-01  0.000000E+00
#    3    4    2
#    3  3.739467E-01  0.000000E+00
#    5  3.739467E-01  0.000000E+00
##   4 LJ:   24  24.0   0.0   2.0   1   2
#    4    1    2
#    3 -6.256911E-01 -0.000000E+00
#    5 -6.256911E-01 -0.000000E+00
#    4    2    0
#    4    3    2
#    3  3.739467E-01  0.000000E+00
#    5  3.739467E-01  0.000000E+00
#    4    4    5
#    1  1.200000E+01  0.000000E+00
#    2  1.000000E+00  0.000000E+00
#    3  3.398280E-01  0.000000E+00
#    4  1.000000E+00  0.000000E+00
#    5  3.398280E-01  0.000000E+00
#    0.0  0    0 : J,pi,NCH
#   23.0 -1    4 : J,pi,NCH
##   1 LJ:   23  23.0   0.0   0.0   1   1
#    1    1    3
#    1  1.200000E+01  0.000000E+00
#    2  1.000000E+00  0.000000E+00
#    4  1.000000E+00  0.000000E+00
#    1    2    2
#    3 -5.990536E-01 -0.000000E+00
#    5 -5.990536E-01 -0.000000E+00
#    1    3    2
#    3 -5.003400E-01  0.000000E+00
#    5 -5.003400E-01  0.000000E+00
#    1    4    2
#    3 -6.251357E-01  0.000000E+00
#    5 -6.251357E-01  0.000000E+00
##   2 LJ:   21  21.0   0.0   2.0   1   2
#    2    1    2
#    3 -5.990536E-01  0.000000E+00
#    5 -5.990536E-01  0.000000E+00
#    2    2    5
#    1  1.200000E+01  0.000000E+00
#    2  1.000000E+00  0.000000E+00
#    3  2.981424E-01  0.000000E+00
#    4  1.000000E+00  0.000000E+00
#    5  2.981424E-01  0.000000E+00
#    2    3    2
#    3  4.079586E-01  0.000000E+00
#    5  4.079586E-01  0.000000E+00
#    2    4    0
##   3 LJ:   23  23.0   0.0   2.0   1   2
#    3    1    2
#    3 -5.003400E-01  0.000000E+00
#    5 -5.003400E-01  0.000000E+00
#    3    2    2
#    3  4.079586E-01  0.000000E+00
#    5  4.079586E-01  0.000000E+00
#    3    3    5
#    1  1.200000E+01  0.000000E+00
#    2  1.000000E+00  0.000000E+00
#    3 -3.176998E-01  0.000000E+00
#    4  1.000000E+00  0.000000E+00
#    5 -3.176998E-01  0.000000E+00
#    3    4    2
#    3  3.746776E-01  0.000000E+00
#    5  3.746776E-01  0.000000E+00
##   4 LJ:   25  25.0   0.0   2.0   1   2
#    4    1    2
#    3 -6.251357E-01 -0.000000E+00
#    5 -6.251357E-01 -0.000000E+00
#    4    2    0
#    4    3    2
#    3  3.746776E-01  0.000000E+00
#    5  3.746776E-01  0.000000E+00
#    4    4    5
#    1  1.200000E+01  0.000000E+00
#    2  1.000000E+00  0.000000E+00
#    3  3.389957E-01  0.000000E+00
#    4  1.000000E+00  0.000000E+00
#    5  3.389957E-01  0.000000E+00
#    0.0  0    0 : J,pi,NCH
#   24.0  1    4 : J,pi,NCH
##   1 LJ:   24  24.0   0.0   0.0   1   1
#    1    1    3
#    1  1.200000E+01  0.000000E+00
#    2  1.000000E+00  0.000000E+00
#    4  1.000000E+00  0.000000E+00
#    1    2    2
#    3 -5.996091E-01 -0.000000E+00
#    5 -5.996091E-01 -0.000000E+00
#    1    3    2
#    3 -5.003128E-01  0.000000E+00
#    5 -5.003128E-01  0.000000E+00
#    1    4    2
#    3 -6.246247E-01  0.000000E+00
#    5 -6.246247E-01  0.000000E+00
##   2 LJ:   22  22.0   0.0   2.0   1   2
#    2    1    2
#    3 -5.996091E-01  0.000000E+00
#    5 -5.996091E-01  0.000000E+00
#    2    2    5
#    1  1.200000E+01  0.000000E+00
#    2  1.000000E+00  0.000000E+00
#    3  2.990486E-01  0.000000E+00
#    4  1.000000E+00  0.000000E+00
#    5  2.990486E-01  0.000000E+00
#    2    3    2
#    3  4.072731E-01  0.000000E+00
#    5  4.072731E-01  0.000000E+00
#    2    4    0
##   3 LJ:   24  24.0   0.0   2.0   1   2
#    3    1    2
#    3 -5.003128E-01  0.000000E+00
#    5 -5.003128E-01  0.000000E+00
#    3    2    2
#    3  4.072731E-01  0.000000E+00
#    5  4.072731E-01  0.000000E+00
#    3    3    5
#    1  1.200000E+01  0.000000E+00
#    2  1.000000E+00  0.000000E+00
#    3 -3.178391E-01  0.000000E+00
#    4  1.000000E+00  0.000000E+00
#    5 -3.178391E-01  0.000000E+00
#    3    4    2
#    3  3.753493E-01  0.000000E+00
#    5  3.753493E-01  0.000000E+00
##   4 LJ:   26  26.0   0.0   2.0   1   2
#    4    1    2
#    3 -6.246247E-01 -0.000000E+00
#    5 -6.246247E-01 -0.000000E+00
#    4    2    0
#    4    3    2
#    3  3.753493E-01  0.000000E+00
#    5  3.753493E-01  0.000000E+00
#    4    4    5
#    1  1.200000E+01  0.000000E+00
#    2  1.000000E+00  0.000000E+00
#    3  3.382288E-01  0.000000E+00
#    4  1.000000E+00  0.000000E+00
#    5  3.382288E-01  0.000000E+00
#    0.0  0    0 : J,pi,NCH
#   25.0 -1    4 : J,pi,NCH
##   1 LJ:   25  25.0   0.0   0.0   1   1
#    1    1    3
#    1  1.200000E+01  0.000000E+00
#    2  1.000000E+00  0.000000E+00
#    4  1.000000E+00  0.000000E+00
#    1    2    2
#    3 -6.001200E-01 -0.000000E+00
#    5 -6.001200E-01 -0.000000E+00
#    1    3    2
#    3 -5.002887E-01  0.000000E+00
#    5 -5.002887E-01  0.000000E+00
#    1    4    2
#    3 -6.241531E-01  0.000000E+00
#    5 -6.241531E-01  0.000000E+00
##   2 LJ:   23  23.0   0.0   2.0   1   2
#    2    1    2
#    3 -6.001200E-01  0.000000E+00
#    5 -6.001200E-01  0.000000E+00
#    2    2    5
#    1  1.200000E+01  0.000000E+00
#    2  1.000000E+00  0.000000E+00
#    3  2.998808E-01  0.000000E+00
#    4  1.000000E+00  0.000000E+00
#    5  2.998808E-01  0.000000E+00
#    2    3    2
#    3  4.066415E-01  0.000000E+00
#    5  4.066415E-01  0.000000E+00
#    2    4    0
##   3 LJ:   25  25.0   0.0   2.0   1   2
#    3    1    2
#    3 -5.002887E-01  0.000000E+00
#    5 -5.002887E-01  0.000000E+00
#    3    2    2
#    3  4.066415E-01  0.000000E+00
#    5  4.066415E-01  0.000000E+00
#    3    3    5
#    1  1.200000E+01  0.000000E+00
#    2  1.000000E+00  0.000000E+00
#    3 -3.179622E-01  0.000000E+00
#    4  1.000000E+00  0.000000E+00
#    5 -3.179622E-01  0.000000E+00
#    3    4    2
#    3  3.759686E-01  0.000000E+00
#    5  3.759686E-01  0.000000E+00
##   4 LJ:   27  27.0   0.0   2.0   1   2
#    4    1    2
#    3 -6.241531E-01 -0.000000E+00
#    5 -6.241531E-01 -0.000000E+00
#    4    2    0
#    4    3    2
#    3  3.759686E-01  0.000000E+00
#    5  3.759686E-01  0.000000E+00
#    4    4    5
#    1  1.200000E+01  0.000000E+00
#    2  1.000000E+00  0.000000E+00
#    3  3.375197E-01  0.000000E+00
#    4  1.000000E+00  0.000000E+00
#    5  3.375197E-01  0.000000E+00
#    0.0  0    0 : J,pi,NCH
#   26.0  1    4 : J,pi,NCH
##   1 LJ:   26  26.0   0.0   0.0   1   1
#    1    1    3
#    1  1.200000E+01  0.000000E+00
#    2  1.000000E+00  0.000000E+00
#    4  1.000000E+00  0.000000E+00
#    1    2    2
#    3 -6.005916E-01 -0.000000E+00
#    5 -6.005916E-01 -0.000000E+00
#    1    3    2
#    3 -5.002673E-01  0.000000E+00
#    5 -5.002673E-01  0.000000E+00
#    1    4    2
#    3 -6.237165E-01  0.000000E+00
#    5 -6.237165E-01  0.000000E+00
##   2 LJ:   24  24.0   0.0   2.0   1   2
#    2    1    2
#    3 -6.005916E-01  0.000000E+00
#    5 -6.005916E-01  0.000000E+00
#    2    2    5
#    1  1.200000E+01  0.000000E+00
#    2  1.000000E+00  0.000000E+00
#    3  3.006478E-01  0.000000E+00
#    4  1.000000E+00  0.000000E+00
#    5  3.006478E-01  0.000000E+00
#    2    3    2
#    3  4.060577E-01  0.000000E+00
#    5  4.060577E-01  0.000000E+00
#    2    4    0
##   3 LJ:   26  26.0   0.0   2.0   1   2
#    3    1    2
#    3 -5.002673E-01  0.000000E+00
#    5 -5.002673E-01  0.000000E+00
#    3    2    2
#    3  4.060577E-01  0.000000E+00
#    5  4.060577E-01  0.000000E+00
#    3    3    5
#    1  1.200000E+01  0.000000E+00
#    2  1.000000E+00  0.000000E+00
#    3 -3.180717E-01  0.000000E+00
#    4  1.000000E+00  0.000000E+00
#    5 -3.180717E-01  0.000000E+00
#    3    4    2
#    3  3.765414E-01  0.000000E+00
#    5  3.765414E-01  0.000000E+00
##   4 LJ:   28  28.0   0.0   2.0   1   2
#    4    1    2
#    3 -6.237165E-01 -0.000000E+00
#    5 -6.237165E-01 -0.000000E+00
#    4    2    0
#    4    3    2
#    3  3.765414E-01  0.000000E+00
#    5  3.765414E-01  0.000000E+00
#    4    4    5
#    1  1.200000E+01  0.000000E+00
#    2  1.000000E+00  0.000000E+00
#    3  3.368622E-01  0.000000E+00
#    4  1.000000E+00  0.000000E+00
#    5  3.368622E-01  0.000000E+00
#    0.0  0    0 : J,pi,NCH
#   27.0 -1    4 : J,pi,NCH
##   1 LJ:   27  27.0   0.0   0.0   1   1
#    1    1    3
#    1  1.200000E+01  0.000000E+00
#    2  1.000000E+00  0.000000E+00
#    4  1.000000E+00  0.000000E+00
#    1    2    2
#    3 -6.010283E-01 -0.000000E+00
#    5 -6.010283E-01 -0.000000E+00
#    1    3    2
#    3 -5.002482E-01  0.000000E+00
#    5 -5.002482E-01  0.000000E+00
#    1    4    2
#    3 -6.233111E-01  0.000000E+00
#    5 -6.233111E-01  0.000000E+00
##   2 LJ:   25  25.0   0.0   2.0   1   2
#    2    1    2
#    3 -6.010283E-01  0.000000E+00
#    5 -6.010283E-01  0.000000E+00
#    2    2    5
#    1  1.200000E+01  0.000000E+00
#    2  1.000000E+00  0.000000E+00
#    3  3.013569E-01  0.000000E+00
#    4  1.000000E+00  0.000000E+00
#    5  3.013569E-01  0.000000E+00
#    2    3    2
#    3  4.055165E-01  0.000000E+00
#    5  4.055165E-01  0.000000E+00
#    2    4    0
##   3 LJ:   27  27.0   0.0   2.0   1   2
#    3    1    2
#    3 -5.002482E-01  0.000000E+00
#    5 -5.002482E-01  0.000000E+00
#    3    2    2
#    3  4.055165E-01  0.000000E+00
#    5  4.055165E-01  0.000000E+00
#    3    3    5
#    1  1.200000E+01  0.000000E+00
#    2  1.000000E+00  0.000000E+00
#    3 -3.181694E-01  0.000000E+00
#    4  1.000000E+00  0.000000E+00
#    5 -3.181694E-01  0.000000E+00
#    3    4    2
#    3  3.770728E-01  0.000000E+00
#    5  3.770728E-01  0.000000E+00
##   4 LJ:   29  29.0   0.0   2.0   1   2
#    4    1    2
#    3 -6.233111E-01 -0.000000E+00
#    5 -6.233111E-01 -0.000000E+00
#    4    2    0
#    4    3    2
#    3  3.770728E-01  0.000000E+00
#    5  3.770728E-01  0.000000E+00
#    4    4    5
#    1  1.200000E+01  0.000000E+00
#    2  1.000000E+00  0.000000E+00
#    3  3.362508E-01  0.000000E+00
#    4  1.000000E+00  0.000000E+00
#    5  3.362508E-01  0.000000E+00
#    0.0  0    0 : J,pi,NCH
#   28.0  1    4 : J,pi,NCH
##   1 LJ:   28  28.0   0.0   0.0   1   1
#    1    1    3
#    1  1.200000E+01  0.000000E+00
#    2  1.000000E+00  0.000000E+00
#    4  1.000000E+00  0.000000E+00
#    1    2    2
#    3 -6.014337E-01 -0.000000E+00
#    5 -6.014337E-01 -0.000000E+00
#    1    3    2
#    3 -5.002311E-01  0.000000E+00
#    5 -5.002311E-01  0.000000E+00
#    1    4    2
#    3 -6.229337E-01  0.000000E+00
#    5 -6.229337E-01  0.000000E+00
##   2 LJ:   26  26.0   0.0   2.0   1   2
#    2    1    2
#    3 -6.014337E-01  0.000000E+00
#    5 -6.014337E-01  0.000000E+00
#    2    2    5
#    1  1.200000E+01  0.000000E+00
#    2  1.000000E+00  0.000000E+00
#    3  3.020144E-01  0.000000E+00
#    4  1.000000E+00  0.000000E+00
#    5  3.020144E-01  0.000000E+00
#    2    3    2
#    3  4.050134E-01  0.000000E+00
#    5  4.050134E-01  0.000000E+00
#    2    4    0
##   3 LJ:   28  28.0   0.0   2.0   1   2
#    3    1    2
#    3 -5.002311E-01  0.000000E+00
#    5 -5.002311E-01  0.000000E+00
#    3    2    2
#    3  4.050134E-01  0.000000E+00
#    5  4.050134E-01  0.000000E+00
#    3    3    5
#    1  1.200000E+01  0.000000E+00
#    2  1.000000E+00  0.000000E+00
#    3 -3.182570E-01  0.000000E+00
#    4  1.000000E+00  0.000000E+00
#    5 -3.182570E-01  0.000000E+00
#    3    4    2
#    3  3.775671E-01  0.000000E+00
#    5  3.775671E-01  0.000000E+00
##   4 LJ:   30  30.0   0.0   2.0   1   2
#    4    1    2
#    3 -6.229337E-01 -0.000000E+00
#    5 -6.229337E-01 -0.000000E+00
#    4    2    0
#    4    3    2
#    3  3.775671E-01  0.000000E+00
#    5  3.775671E-01  0.000000E+00
#    4    4    5
#    1  1.200000E+01  0.000000E+00
#    2  1.000000E+00  0.000000E+00
#    3  3.356809E-01  0.000000E+00
#    4  1.000000E+00  0.000000E+00
#    5  3.356809E-01  0.000000E+00
#    0.0  0    0 : J,pi,NCH
#   29.0 -1    4 : J,pi,NCH
##   1 LJ:   29  29.0   0.0   0.0   1   1
#    1    1    3
#    1  1.200000E+01  0.000000E+00
#    2  1.000000E+00  0.000000E+00
#    4  1.000000E+00  0.000000E+00
#    1    2    2
#    3 -6.018111E-01 -0.000000E+00
#    5 -6.018111E-01 -0.000000E+00
#    1    3    2
#    3 -5.002157E-01  0.000000E+00
#    5 -5.002157E-01  0.000000E+00
#    1    4    2
#    3 -6.225815E-01  0.000000E+00
#    5 -6.225815E-01  0.000000E+00
##   2 LJ:   27  27.0   0.0   2.0   1   2
#    2    1    2
#    3 -6.018111E-01  0.000000E+00
#    5 -6.018111E-01  0.000000E+00
#    2    2    5
#    1  1.200000E+01  0.000000E+00
#    2  1.000000E+00  0.000000E+00
#    3  3.026257E-01  0.000000E+00
#    4  1.000000E+00  0.000000E+00
#    5  3.026257E-01  0.000000E+00
#    2    3    2
#    3  4.045445E-01  0.000000E+00
#    5  4.045445E-01  0.000000E+00
#    2    4    0
##   3 LJ:   29  29.0   0.0   2.0   1   2
#    3    1    2
#    3 -5.002157E-01  0.000000E+00
#    5 -5.002157E-01  0.000000E+00
#    3    2    2
#    3  4.045445E-01  0.000000E+00
#    5  4.045445E-01  0.000000E+00
#    3    3    5
#    1  1.200000E+01  0.000000E+00
#    2  1.000000E+00  0.000000E+00
#    3 -3.183358E-01  0.000000E+00
#    4  1.000000E+00  0.000000E+00
#    5 -3.183358E-01  0.000000E+00
#    3    4    2
#    3  3.780280E-01  0.000000E+00
#    5  3.780280E-01  0.000000E+00
##   4 LJ:   31  31.0   0.0   2.0   1   2
#    4    1    2
#    3 -6.225815E-01 -0.000000E+00
#    5 -6.225815E-01 -0.000000E+00
#    4    2    0
#    4    3    2
#    3  3.780280E-01  0.000000E+00
#    5  3.780280E-01  0.000000E+00
#    4    4    5
#    1  1.200000E+01  0.000000E+00
#    2  1.000000E+00  0.000000E+00
#    3  3.351484E-01  0.000000E+00
#    4  1.000000E+00  0.000000E+00
#    5  3.351484E-01  0.000000E+00
#    0.0  0    0 : J,pi,NCH
#   30.0  1    4 : J,pi,NCH
##   1 LJ:   30  30.0   0.0   0.0   1   1
#    1    1    3
#    1  1.200000E+01  0.000000E+00
#    2  1.000000E+00  0.000000E+00
#    4  1.000000E+00  0.000000E+00
#    1    2    2
#    3 -6.021634E-01 -0.000000E+00
#    5 -6.021634E-01 -0.000000E+00
#    1    3    2
#    3 -5.002017E-01  0.000000E+00
#    5 -5.002017E-01  0.000000E+00
#    1    4    2
#    3 -6.222520E-01  0.000000E+00
#    5 -6.222520E-01  0.000000E+00
##   2 LJ:   28  28.0   0.0   2.0   1   2
#    2    1    2
#    3 -6.021634E-01  0.000000E+00
#    5 -6.021634E-01  0.000000E+00
#    2    2    5
#    1  1.200000E+01  0.000000E+00
#    2  1.000000E+00  0.000000E+00
#    3  3.031957E-01  0.000000E+00
#    4  1.000000E+00  0.000000E+00
#    5  3.031957E-01  0.000000E+00
#    2    3    2
#    3  4.041064E-01  0.000000E+00
#    5  4.041064E-01  0.000000E+00
#    2    4    0
##   3 LJ:   30  30.0   0.0   2.0   1   2
#    3    1    2
#    3 -5.002017E-01  0.000000E+00
#    5 -5.002017E-01  0.000000E+00
#    3    2    2
#    3  4.041064E-01  0.000000E+00
#    5  4.041064E-01  0.000000E+00
#    3    3    5
#    1  1.200000E+01  0.000000E+00
#    2  1.000000E+00  0.000000E+00
#    3 -3.184070E-01  0.000000E+00
#    4  1.000000E+00  0.000000E+00
#    5 -3.184070E-01  0.000000E+00
#    3    4    2
#    3  3.784589E-01  0.000000E+00
#    5  3.784589E-01  0.000000E+00
##   4 LJ:   32  32.0   0.0   2.0   1   2
#    4    1    2
#    3 -6.222520E-01 -0.000000E+00
#    5 -6.222520E-01 -0.000000E+00
#    4    2    0
#    4    3    2
#    3  3.784589E-01  0.000000E+00
#    5  3.784589E-01  0.000000E+00
#    4    4    5
#    1  1.200000E+01  0.000000E+00
#    2  1.000000E+00  0.000000E+00
#    3  3.346496E-01  0.000000E+00
#    4  1.000000E+00  0.000000E+00
#    5  3.346496E-01  0.000000E+00
#    0.0  0    0 : J,pi,NCH
#   31.0 -1    4 : J,pi,NCH
##   1 LJ:   31  31.0   0.0   0.0   1   1
#    1    1    3
#    1  1.200000E+01  0.000000E+00
#    2  1.000000E+00  0.000000E+00
#    4  1.000000E+00  0.000000E+00
#    1    2    2
#    3 -6.024929E-01 -0.000000E+00
#    5 -6.024929E-01 -0.000000E+00
#    1    3    2
#    3 -5.001891E-01  0.000000E+00
#    5 -5.001891E-01  0.000000E+00
#    1    4    2
#    3 -6.219431E-01  0.000000E+00
#    5 -6.219431E-01  0.000000E+00
##   2 LJ:   29  29.0   0.0   2.0   1   2
#    2    1    2
#    3 -6.024929E-01  0.000000E+00
#    5 -6.024929E-01  0.000000E+00
#    2    2    5
#    1  1.200000E+01  0.000000E+00
#    2  1.000000E+00  0.000000E+00
#    3  3.037282E-01  0.000000E+00
#    4  1.000000E+00  0.000000E+00
#    5  3.037282E-01  0.000000E+00
#    2    3    2
#    3  4.036963E-01  0.000000E+00
#    5  4.036963E-01  0.000000E+00
#    2    4    0
##   3 LJ:   31  31.0   0.0   2.0   1   2
#    3    1    2
#    3 -5.001891E-01  0.000000E+00
#    5 -5.001891E-01  0.000000E+00
#    3    2    2
#    3  4.036963E-01  0.000000E+00
#    5  4.036963E-01  0.000000E+00
#    3    3    5
#    1  1.200000E+01  0.000000E+00
#    2  1.000000E+00  0.000000E+00
#    3 -3.184715E-01  0.000000E+00
#    4  1.000000E+00  0.000000E+00
#    5 -3.184715E-01  0.000000E+00
#    3    4    2
#    3  3.788626E-01  0.000000E+00
#    5  3.788626E-01  0.000000E+00
##   4 LJ:   33  33.0   0.0   2.0   1   2
#    4    1    2
#    3 -6.219431E-01 -0.000000E+00
#    5 -6.219431E-01 -0.000000E+00
#    4    2    0
#    4    3    2
#    3  3.788626E-01  0.000000E+00
#    5  3.788626E-01  0.000000E+00
#    4    4    5
#    1  1.200000E+01  0.000000E+00
#    2  1.000000E+00  0.000000E+00
#    3  3.341816E-01  0.000000E+00
#    4  1.000000E+00  0.000000E+00
#    5  3.341816E-01  0.000000E+00
#    0.0  0    0 : J,pi,NCH
#   32.0  1    4 : J,pi,NCH
##   1 LJ:   32  32.0   0.0   0.0   1   1
#    1    1    3
#    1  1.200000E+01  0.000000E+00
#    2  1.000000E+00  0.000000E+00
#    4  1.000000E+00  0.000000E+00
#    1    2    2
#    3 -6.028018E-01 -0.000000E+00
#    5 -6.028018E-01 -0.000000E+00
#    1    3    2
#    3 -5.001777E-01  0.000000E+00
#    5 -5.001777E-01  0.000000E+00
#    1    4    2
#    3 -6.216530E-01  0.000000E+00
#    5 -6.216530E-01  0.000000E+00
##   2 LJ:   30  30.0   0.0   2.0   1   2
#    2    1    2
#    3 -6.028018E-01  0.000000E+00
#    5 -6.028018E-01  0.000000E+00
#    2    2    5
#    1  1.200000E+01  0.000000E+00
#    2  1.000000E+00  0.000000E+00
#    3  3.042269E-01  0.000000E+00
#    4  1.000000E+00  0.000000E+00
#    5  3.042269E-01  0.000000E+00
#    2    3    2
#    3  4.033115E-01  0.000000E+00
#    5  4.033115E-01  0.000000E+00
#    2    4    0
##   3 LJ:   32  32.0   0.0   2.0   1   2
#    3    1    2
#    3 -5.001777E-01  0.000000E+00
#    5 -5.001777E-01  0.000000E+00
#    3    2    2
#    3  4.033115E-01  0.000000E+00
#    5  4.033115E-01  0.000000E+00
#    3    3    5
#    1  1.200000E+01  0.000000E+00
#    2  1.000000E+00  0.000000E+00
#    3 -3.185301E-01  0.000000E+00
#    4  1.000000E+00  0.000000E+00
#    5 -3.185301E-01  0.000000E+00
#    3    4    2
#    3  3.792415E-01  0.000000E+00
#    5  3.792415E-01  0.000000E+00
##   4 LJ:   34  34.0   0.0   2.0   1   2
#    4    1    2
#    3 -6.216530E-01 -0.000000E+00
#    5 -6.216530E-01 -0.000000E+00
#    4    2    0
#    4    3    2
#    3  3.792415E-01  0.000000E+00
#    5  3.792415E-01  0.000000E+00
#    4    4    5
#    1  1.200000E+01  0.000000E+00
#    2  1.000000E+00  0.000000E+00
#    3  3.337415E-01  0.000000E+00
#    4  1.000000E+00  0.000000E+00
#    5  3.337415E-01  0.000000E+00
#    0.0  0    0 : J,pi,NCH
#   33.0 -1    4 : J,pi,NCH
##   1 LJ:   33  33.0   0.0   0.0   1   1
#    1    1    3
#    1  1.200000E+01  0.000000E+00
#    2  1.000000E+00  0.000000E+00
#    4  1.000000E+00  0.000000E+00
#    1    2    2
#    3 -6.030919E-01 -0.000000E+00
#    5 -6.030919E-01 -0.000000E+00
#    1    3    2
#    3 -5.001672E-01  0.000000E+00
#    5 -5.001672E-01  0.000000E+00
#    1    4    2
#    3 -6.213798E-01  0.000000E+00
#    5 -6.213798E-01  0.000000E+00
##   2 LJ:   31  31.0   0.0   2.0   1   2
#    2    1    2
#    3 -6.030919E-01  0.000000E+00
#    5 -6.030919E-01  0.000000E+00
#    2    2    5
#    1  1.200000E+01  0.000000E+00
#    2  1.000000E+00  0.000000E+00
#    3  3.046950E-01  0.000000E+00
#    4  1.000000E+00  0.000000E+00
#    5  3.046950E-01  0.000000E+00
#    2    3    2
#    3  4.029497E-01  0.000000E+00
#    5  4.029497E-01  0.000000E+00
#    2    4    0
##   3 LJ:   33  33.0   0.0   2.0   1   2
#    3    1    2
#    3 -5.001672E-01  0.000000E+00
#    5 -5.001672E-01  0.000000E+00
#    3    2    2
#    3  4.029497E-01  0.000000E+00
#    5  4.029497E-01  0.000000E+00
#    3    3    5
#    1  1.200000E+01  0.000000E+00
#    2  1.000000E+00  0.000000E+00
#    3 -3.185836E-01  0.000000E+00
#    4  1.000000E+00  0.000000E+00
#    5 -3.185836E-01  0.000000E+00
#    3    4    2
#    3  3.795979E-01  0.000000E+00
#    5  3.795979E-01  0.000000E+00
##   4 LJ:   35  35.0   0.0   2.0   1   2
#    4    1    2
#    3 -6.213798E-01 -0.000000E+00
#    5 -6.213798E-01 -0.000000E+00
#    4    2    0
#    4    3    2
#    3  3.795979E-01  0.000000E+00
#    5  3.795979E-01  0.000000E+00
#    4    4    5
#    1  1.200000E+01  0.000000E+00
#    2  1.000000E+00  0.000000E+00
#    3  3.333269E-01  0.000000E+00
#    4  1.000000E+00  0.000000E+00
#    5  3.333269E-01  0.000000E+00
#    0.0  0    0 : J,pi,NCH
#   34.0  1    4 : J,pi,NCH
##   1 LJ:   34  34.0   0.0   0.0   1   1
#    1    1    3
#    1  1.200000E+01  0.000000E+00
#    2  1.000000E+00  0.000000E+00
#    4  1.000000E+00  0.000000E+00
#    1    2    2
#    3 -6.033650E-01 -0.000000E+00
#    5 -6.033650E-01 -0.000000E+00
#    1    3    2
#    3 -5.001576E-01  0.000000E+00
#    5 -5.001576E-01  0.000000E+00
#    1    4    2
#    3 -6.211224E-01  0.000000E+00
#    5 -6.211224E-01  0.000000E+00
##   2 LJ:   32  32.0   0.0   2.0   1   2
#    2    1    2
#    3 -6.033650E-01  0.000000E+00
#    5 -6.033650E-01  0.000000E+00
#    2    2    5
#    1  1.200000E+01  0.000000E+00
#    2  1.000000E+00  0.000000E+00
#    3  3.051351E-01  0.000000E+00
#    4  1.000000E+00  0.000000E+00
#    5  3.051351E-01  0.000000E+00
#    2    3    2
#    3  4.026090E-01  0.000000E+00
#    5  4.026090E-01  0.000000E+00
#    2    4    0
##   3 LJ:   34  34.0   0.0   2.0   1   2
#    3    1    2
#    3 -5.001576E-01  0.000000E+00
#    5 -5.001576E-01  0.000000E+00
#    3    2    2
#    3  4.026090E-01  0.000000E+00
#    5  4.026090E-01  0.000000E+00
#    3    3    5
#    1  1.200000E+01  0.000000E+00
#    2  1.000000E+00  0.000000E+00
#    3 -3.186325E-01  0.000000E+00
#    4  1.000000E+00  0.000000E+00
#    5 -3.186325E-01  0.000000E+00
#    3    4    2
#    3  3.799337E-01  0.000000E+00
#    5  3.799337E-01  0.000000E+00
##   4 LJ:   36  36.0   0.0   2.0   1   2
#    4    1    2
#    3 -6.211224E-01 -0.000000E+00
#    5 -6.211224E-01 -0.000000E+00
#    4    2    0
#    4    3    2
#    3  3.799337E-01  0.000000E+00
#    5  3.799337E-01  0.000000E+00
#    4    4    5
#    1  1.200000E+01  0.000000E+00
#    2  1.000000E+00  0.000000E+00
#    3  3.329357E-01  0.000000E+00
#    4  1.000000E+00  0.000000E+00
#    5  3.329357E-01  0.000000E+00
#    0.0  0    0 : J,pi,NCH
#   35.0 -1    4 : J,pi,NCH
##   1 LJ:   35  35.0   0.0   0.0   1   1
#    1    1    3
#    1  1.200000E+01  0.000000E+00
#    2  1.000000E+00  0.000000E+00
#    4  1.000000E+00  0.000000E+00
#    1    2    2
#    3 -6.036225E-01 -0.000000E+00
#    5 -6.036225E-01 -0.000000E+00
#    1    3    2
#    3 -5.001489E-01  0.000000E+00
#    5 -5.001489E-01  0.000000E+00
#    1    4    2
#    3 -6.208792E-01  0.000000E+00
#    5 -6.208792E-01  0.000000E+00
##   2 LJ:   33  33.0   0.0   2.0   1   2
#    2    1    2
#    3 -6.036225E-01  0.000000E+00
#    5 -6.036225E-01  0.000000E+00
#    2    2    5
#    1  1.200000E+01  0.000000E+00
#    2  1.000000E+00  0.000000E+00
#    3  3.055497E-01  0.000000E+00
#    4  1.000000E+00  0.000000E+00
#    5  3.055497E-01  0.000000E+00
#    2    3    2
#    3  4.022874E-01  0.000000E+00
#    5  4.022874E-01  0.000000E+00
#    2    4    0
##   3 LJ:   35  35.0   0.0   2.0   1   2
#    3    1    2
#    3 -5.001489E-01  0.000000E+00
#    5 -5.001489E-01  0.000000E+00
#    3    2    2
#    3  4.022874E-01  0.000000E+00
#    5  4.022874E-01  0.000000E+00
#    3    3    5
#    1  1.200000E+01  0.000000E+00
#    2  1.000000E+00  0.000000E+00
#    3 -3.186773E-01  0.000000E+00
#    4  1.000000E+00  0.000000E+00
#    5 -3.186773E-01  0.000000E+00
#    3    4    2
#    3  3.802507E-01  0.000000E+00
#    5  3.802507E-01  0.000000E+00
##   4 LJ:   37  37.0   0.0   2.0   1   2
#    4    1    2
#    3 -6.208792E-01 -0.000000E+00
#    5 -6.208792E-01 -0.000000E+00
#    4    2    0
#    4    3    2
#    3  3.802507E-01  0.000000E+00
#    5  3.802507E-01  0.000000E+00
#    4    4    5
#    1  1.200000E+01  0.000000E+00
#    2  1.000000E+00  0.000000E+00
#    3  3.325659E-01  0.000000E+00
#    4  1.000000E+00  0.000000E+00
#    5  3.325659E-01  0.000000E+00
#    0.0  0    0 : J,pi,NCH
#   36.0  1    4 : J,pi,NCH
##   1 LJ:   36  36.0   0.0   0.0   1   1
#    1    1    3
#    1  1.200000E+01  0.000000E+00
#    2  1.000000E+00  0.000000E+00
#    4  1.000000E+00  0.000000E+00
#    1    2    2
#    3 -6.038656E-01 -0.000000E+00
#    5 -6.038656E-01 -0.000000E+00
#    1    3    2
#    3 -5.001408E-01  0.000000E+00
#    5 -5.001408E-01  0.000000E+00
#    1    4    2
#    3 -6.206492E-01  0.000000E+00
#    5 -6.206492E-01  0.000000E+00
##   2 LJ:   34  34.0   0.0   2.0   1   2
#    2    1    2
#    3 -6.038656E-01  0.000000E+00
#    5 -6.038656E-01  0.000000E+00
#    2    2    5
#    1  1.200000E+01  0.000000E+00
#    2  1.000000E+00  0.000000E+00
#    3  3.059409E-01  0.000000E+00
#    4  1.000000E+00  0.000000E+00
#    5  3.059409E-01  0.000000E+00
#    2    3    2
#    3  4.019836E-01  0.000000E+00
#    5  4.019836E-01  0.000000E+00
#    2    4    0
##   3 LJ:   36  36.0   0.0   2.0   1   2
#    3    1    2
#    3 -5.001408E-01  0.000000E+00
#    5 -5.001408E-01  0.000000E+00
#    3    2    2
#    3  4.019836E-01  0.000000E+00
#    5  4.019836E-01  0.000000E+00
#    3    3    5
#    1  1.200000E+01  0.000000E+00
#    2  1.000000E+00  0.000000E+00
#    3 -3.187184E-01  0.000000E+00
#    4  1.000000E+00  0.000000E+00
#    5 -3.187184E-01  0.000000E+00
#    3    4    2
#    3  3.805503E-01  0.000000E+00
#    5  3.805503E-01  0.000000E+00
##   4 LJ:   38  38.0   0.0   2.0   1   2
#    4    1    2
#    3 -6.206492E-01 -0.000000E+00
#    5 -6.206492E-01 -0.000000E+00
#    4    2    0
#    4    3    2
#    3  3.805503E-01  0.000000E+00
#    5  3.805503E-01  0.000000E+00
#    4    4    5
#    1  1.200000E+01  0.000000E+00
#    2  1.000000E+00  0.000000E+00
#    3  3.322158E-01  0.000000E+00
#    4  1.000000E+00  0.000000E+00
#    5  3.322158E-01  0.000000E+00
#    0.0  0    0 : J,pi,NCH
#   37.0 -1    4 : J,pi,NCH
##   1 LJ:   37  37.0   0.0   0.0   1   1
#    1    1    3
#    1  1.200000E+01  0.000000E+00
#    2  1.000000E+00  0.000000E+00
#    4  1.000000E+00  0.000000E+00
#    1    2    2
#    3 -6.040956E-01 -0.000000E+00
#    5 -6.040956E-01 -0.000000E+00
#    1    3    2
#    3 -5.001334E-01  0.000000E+00
#    5 -5.001334E-01  0.000000E+00
#    1    4    2
#    3 -6.204314E-01  0.000000E+00
#    5 -6.204314E-01  0.000000E+00
##   2 LJ:   35  35.0   0.0   2.0   1   2
#    2    1    2
#    3 -6.040956E-01  0.000000E+00
#    5 -6.040956E-01  0.000000E+00
#    2    2    5
#    1  1.200000E+01  0.000000E+00
#    2  1.000000E+00  0.000000E+00
#    3  3.063107E-01  0.000000E+00
#    4  1.000000E+00  0.000000E+00
#    5  3.063107E-01  0.000000E+00
#    2    3    2
#    3  4.016960E-01  0.000000E+00
#    5  4.016960E-01  0.000000E+00
#    2    4    0
##   3 LJ:   37  37.0   0.0   2.0   1   2
#    3    1    2
#    3 -5.001334E-01  0.000000E+00
#    5 -5.001334E-01  0.000000E+00
#    3    2    2
#    3  4.016960E-01  0.000000E+00
#    5  4.016960E-01  0.000000E+00
#    3    3    5
#    1  1.200000E+01  0.000000E+00
#    2  1.000000E+00  0.000000E+00
#    3 -3.187563E-01  0.000000E+00
#    4  1.000000E+00  0.000000E+00
#    5 -3.187563E-01  0.000000E+00
#    3    4    2
#    3  3.808341E-01  0.000000E+00
#    5  3.808341E-01  0.000000E+00
##   4 LJ:   39  39.0   0.0   2.0   1   2
#    4    1    2
#    3 -6.204314E-01 -0.000000E+00
#    5 -6.204314E-01 -0.000000E+00
#    4    2    0
#    4    3    2
#    3  3.808341E-01  0.000000E+00
#    5  3.808341E-01  0.000000E+00
#    4    4    5
#    1  1.200000E+01  0.000000E+00
#    2  1.000000E+00  0.000000E+00
#    3  3.318839E-01  0.000000E+00
#    4  1.000000E+00  0.000000E+00
#    5  3.318839E-01  0.000000E+00
#    0.0  0    0 : J,pi,NCH
#   38.0  1    4 : J,pi,NCH
##   1 LJ:   38  38.0   0.0   0.0   1   1
#    1    1    3
#    1  1.200000E+01  0.000000E+00
#    2  1.000000E+00  0.000000E+00
#    4  1.000000E+00  0.000000E+00
#    1    2    2
#    3 -6.043135E-01 -0.000000E+00
#    5 -6.043135E-01 -0.000000E+00
#    1    3    2
#    3 -5.001266E-01  0.000000E+00
#    5 -5.001266E-01  0.000000E+00
#    1    4    2
#    3 -6.202246E-01  0.000000E+00
#    5 -6.202246E-01  0.000000E+00
##   2 LJ:   36  36.0   0.0   2.0   1   2
#    2    1    2
#    3 -6.043135E-01  0.000000E+00
#    5 -6.043135E-01  0.000000E+00
#    2    2    5
#    1  1.200000E+01  0.000000E+00
#    2  1.000000E+00  0.000000E+00
#    3  3.066608E-01  0.000000E+00
#    4  1.000000E+00  0.000000E+00
#    5  3.066608E-01  0.000000E+00
#    2    3    2
#    3  4.014234E-01  0.000000E+00
#    5  4.014234E-01  0.000000E+00
#    2    4    0
##   3 LJ:   38  38.0   0.0   2.0   1   2
#    3    1    2
#    3 -5.001266E-01  0.000000E+00
#    5 -5.001266E-01  0.000000E+00
#    3    2    2
#    3  4.014234E-01  0.000000E+00
#    5  4.014234E-01  0.000000E+00
#    3    3    5
#    1  1.200000E+01  0.000000E+00
#    2  1.000000E+00  0.000000E+00
#    3 -3.187913E-01  0.000000E+00
#    4  1.000000E+00  0.000000E+00
#    5 -3.187913E-01  0.000000E+00
#    3    4    2
#    3  3.811032E-01  0.000000E+00
#    5  3.811032E-01  0.000000E+00
##   4 LJ:   40  40.0   0.0   2.0   1   2
#    4    1    2
#    3 -6.202246E-01 -0.000000E+00
#    5 -6.202246E-01 -0.000000E+00
#    4    2    0
#    4    3    2
#    3  3.811032E-01  0.000000E+00
#    5  3.811032E-01  0.000000E+00
#    4    4    5
#    1  1.200000E+01  0.000000E+00
#    2  1.000000E+00  0.000000E+00
#    3  3.315689E-01  0.000000E+00
#    4  1.000000E+00  0.000000E+00
#    5  3.315689E-01  0.000000E+00
#    0.0  0    0 : J,pi,NCH
#   39.0 -1    4 : J,pi,NCH
##   1 LJ:   39  39.0   0.0   0.0   1   1
#    1    1    3
#    1  1.200000E+01  0.000000E+00
#    2  1.000000E+00  0.000000E+00
#    4  1.000000E+00  0.000000E+00
#    1    2    2
#    3 -6.045202E-01 -0.000000E+00
#    5 -6.045202E-01 -0.000000E+00
#    1    3    2
#    3 -5.001202E-01  0.000000E+00
#    5 -5.001202E-01  0.000000E+00
#    1    4    2
#    3 -6.200283E-01  0.000000E+00
#    5 -6.200283E-01  0.000000E+00
##   2 LJ:   37  37.0   0.0   2.0   1   2
#    2    1    2
#    3 -6.045202E-01  0.000000E+00
#    5 -6.045202E-01  0.000000E+00
#    2    2    5
#    1  1.200000E+01  0.000000E+00
#    2  1.000000E+00  0.000000E+00
#    3  3.069926E-01  0.000000E+00
#    4  1.000000E+00  0.000000E+00
#    5  3.069926E-01  0.000000E+00
#    2    3    2
#    3  4.011646E-01  0.000000E+00
#    5  4.011646E-01  0.000000E+00
#    2    4    0
##   3 LJ:   39  39.0   0.0   2.0   1   2
#    3    1    2
#    3 -5.001202E-01  0.000000E+00
#    5 -5.001202E-01  0.000000E+00
#    3    2    2
#    3  4.011646E-01  0.000000E+00
#    5  4.011646E-01  0.000000E+00
#    3    3    5
#    1  1.200000E+01  0.000000E+00
#    2  1.000000E+00  0.000000E+00
#    3 -3.188237E-01  0.000000E+00
#    4  1.000000E+00  0.000000E+00
#    5 -3.188237E-01  0.000000E+00
#    3    4    2
#    3  3.813587E-01  0.000000E+00
#    5  3.813587E-01  0.000000E+00
##   4 LJ:   41  41.0   0.0   2.0   1   2
#    4    1    2
#    3 -6.200283E-01 -0.000000E+00
#    5 -6.200283E-01 -0.000000E+00
#    4    2    0
#    4    3    2
#    3  3.813587E-01  0.000000E+00
#    5  3.813587E-01  0.000000E+00
#    4    4    5
#    1  1.200000E+01  0.000000E+00
#    2  1.000000E+00  0.000000E+00
#    3  3.312693E-01  0.000000E+00
#    4  1.000000E+00  0.000000E+00
#    5  3.312693E-01  0.000000E+00
#    0.0  0    0 : J,pi,NCH
#   40.0  1    4 : J,pi,NCH
##   1 LJ:   40  40.0   0.0   0.0   1   1
#    1    1    3
#    1  1.200000E+01  0.000000E+00
#    2  1.000000E+00  0.000000E+00
#    4  1.000000E+00  0.000000E+00
#    1    2    2
#    3 -6.047166E-01 -0.000000E+00
#    5 -6.047166E-01 -0.000000E+00
#    1    3    2
#    3 -5.001144E-01  0.000000E+00
#    5 -5.001144E-01  0.000000E+00
#    1    4    2
#    3 -6.198415E-01  0.000000E+00
#    5 -6.198415E-01  0.000000E+00
##   2 LJ:   38  38.0   0.0   2.0   1   2
#    2    1    2
#    3 -6.047166E-01  0.000000E+00
#    5 -6.047166E-01  0.000000E+00
#    2    2    5
#    1  1.200000E+01  0.000000E+00
#    2  1.000000E+00  0.000000E+00
#    3  3.073077E-01  0.000000E+00
#    4  1.000000E+00  0.000000E+00
#    5  3.073077E-01  0.000000E+00
#    2    3    2
#    3  4.009186E-01  0.000000E+00
#    5  4.009186E-01  0.000000E+00
#    2    4    0
##   3 LJ:   40  40.0   0.0   2.0   1   2
#    3    1    2
#    3 -5.001144E-01  0.000000E+00
#    5 -5.001144E-01  0.000000E+00
#    3    2    2
#    3  4.009186E-01  0.000000E+00
#    5  4.009186E-01  0.000000E+00
#    3    3    5
#    1  1.200000E+01  0.000000E+00
#    2  1.000000E+00  0.000000E+00
#    3 -3.188537E-01  0.000000E+00
#    4  1.000000E+00  0.000000E+00
#    5 -3.188537E-01  0.000000E+00
#    3    4    2
#    3  3.816016E-01  0.000000E+00
#    5  3.816016E-01  0.000000E+00
##   4 LJ:   42  42.0   0.0   2.0   1   2
#    4    1    2
#    3 -6.198415E-01 -0.000000E+00
#    5 -6.198415E-01 -0.000000E+00
#    4    2    0
#    4    3    2
#    3  3.816016E-01  0.000000E+00
#    5  3.816016E-01  0.000000E+00
#    4    4    5
#    1  1.200000E+01  0.000000E+00
#    2  1.000000E+00  0.000000E+00
#    3  3.309842E-01  0.000000E+00
#    4  1.000000E+00  0.000000E+00
#    5  3.309842E-01  0.000000E+00
#    0.0  0    0 : J,pi,NCH
