           2           1           1
    0.0+     0 1   2.893       0.000      0.1022E-01   2.883    
    1.0-     1 1   8.679       0.000      0.3075E-01   8.648    
    2.0+     2 1   14.46       0.000      0.5041E-01   14.41    
    3.0-     3 1   20.24       0.000      0.6960E-01   20.17    
    4.0+     4 1   26.01       0.000      0.8774E-01   25.92    
    5.0-     5 1   31.78       0.000      0.1030       31.67    
    6.0+     6 1   37.53       0.000      0.1198       37.41    
    7.0-     7 1   43.27       0.000      0.1299       43.14    
    8.0+     8 1   49.01       0.000      0.1426       48.86    
    9.0-     9 1   54.71       0.000      0.1594       54.55    
   10.0+    10 1   60.43       0.000      0.1695       60.26    
   11.0-    11 1   66.19       0.000      0.2014       65.99    
   12.0+    12 1   71.86       0.000      0.2642       71.60    
   13.0-    13 1   77.54       0.000      0.3459       77.19    
   14.0+    14 1   83.73       0.000      0.6128       83.12    
   15.0-    15 1   90.10       0.000       1.466       88.63    
   16.0+    16 1   93.67       0.000       3.058       90.61    
   17.0-    17 1   89.41       0.000       4.634       84.77    
   18.0+    18 1   74.89       0.000       5.174       69.71    
   19.0-    19 1   54.73       0.000       4.498       50.23    
   20.0+    20 1   35.86       0.000       3.088       32.78    
   21.0-    21 1   21.69       0.000       1.700       19.99    
   22.0+    22 1   12.50       0.000      0.8020       11.70    
   23.0-    23 1   7.064       0.000      0.3490       6.715    
   24.0+    24 1   3.982       0.000      0.1468       3.835    
   25.0-    25 1   2.252       0.000      0.6103E-01   2.191    
   26.0+    26 1   1.279       0.000      0.2529E-01   1.254    
   27.0-    27 1  0.7293       0.000      0.1048E-01  0.7188    
   28.0+    28 1  0.4168       0.000      0.4344E-02  0.4125    
   29.0-    29 1  0.2386       0.000      0.1801E-02  0.2368    
   30.0+    30 1  0.1367       0.000      0.7468E-03  0.1359    
   31.0-    31 1  0.7831E-01   0.000      0.3095E-03  0.7800E-01
   32.0+    32 1  0.4486E-01   0.000      0.1281E-03  0.4473E-01
   33.0-    33 1  0.2568E-01   0.000      0.5299E-04  0.2563E-01
   34.0+    34 1  0.1469E-01   0.000      0.2189E-04  0.1467E-01
   35.0-    35 1  0.8396E-02   0.000      0.9031E-05  0.8387E-02
   36.0+    36 1  0.4795E-02   0.000      0.3721E-05  0.4791E-02
   37.0-    37 1  0.2736E-02   0.000      0.1531E-05  0.2734E-02
   38.0+    38 1  0.1560E-02   0.000      0.6289E-06  0.1559E-02
   39.0-    39 1  0.8884E-03   0.000      0.2580E-06  0.8881E-03
   40.0+    40 1  0.5055E-03   0.000      0.1057E-06  0.5054E-03
