# 181 angles,  1 tensor ranks for 0=projectile
@subtitle   "alpha+c12 -> alpha+c12* @ 100 MeV; nuc def"                                                                            
@legend ON
@legend x1 0.2
@legend y1 0.8
@g0 type LOGY
@xaxis label "Scattering angle (degrees)"
@yaxis label "Cross section (mb/sr)"
@             s0 legend        "Partition=  1 Excit=  1 near/far= 1"
#             s0 legend        "Lab energy =  100.0000"
@s0 linestyle   1
#  Theta       sigma       iT11        T20         T21         T22         Kyy for projectile
  0.1000E-01   1.000    
   1.000      0.8580    
   2.000      0.6192    
   3.000      0.6329    
   4.000       1.053    
   5.000       1.767    
   6.000       2.440    
   7.000       2.697    
   8.000       2.342    
   9.000       1.497    
   10.00      0.5737    
   11.00      0.8540E-01
   12.00      0.3923    
   13.00       1.517    
   14.00       3.120    
   15.00       4.646    
   16.00       5.568    
   17.00       5.610    
   18.00       4.853    
   19.00       3.688    
   20.00       2.638    
   21.00       2.149    
   22.00       2.425    
   23.00       3.370    
   24.00       4.649    
   25.00       5.830    
   26.00       6.545    
   27.00       6.607    
   28.00       6.052    
   29.00       5.100    
   30.00       4.062    
   31.00       3.225    
   32.00       2.771    
   33.00       2.732    
   34.00       3.005    
   35.00       3.409    
   36.00       3.746    
   37.00       3.870    
   38.00       3.720    
   39.00       3.326    
   40.00       2.784    
   41.00       2.217    
   42.00       1.739    
   43.00       1.420    
   44.00       1.277    
   45.00       1.277    
   46.00       1.353    
   47.00       1.435    
   48.00       1.463    
   49.00       1.407    
   50.00       1.267    
   51.00       1.069    
   52.00      0.8507    
   53.00      0.6530    
   54.00      0.5047    
   55.00      0.4183    
   56.00      0.3893    
   57.00      0.3999    
   58.00      0.4264    
   59.00      0.4465    
   60.00      0.4446    
   61.00      0.4152    
   62.00      0.3618    
   63.00      0.2948    
   64.00      0.2268    
   65.00      0.1692    
   66.00      0.1296    
   67.00      0.1100    
   68.00      0.1075    
   69.00      0.1159    
   70.00      0.1273    
   71.00      0.1350    
   72.00      0.1347    
   73.00      0.1252    
   74.00      0.1082    
   75.00      0.8723E-01
   76.00      0.6625E-01
   77.00      0.4882E-01
   78.00      0.3721E-01
   79.00      0.3208E-01
   80.00      0.3251E-01
   81.00      0.3648E-01
   82.00      0.4148E-01
   83.00      0.4523E-01
   84.00      0.4620E-01
   85.00      0.4391E-01
   86.00      0.3880E-01
   87.00      0.3196E-01
   88.00      0.2472E-01
   89.00      0.1833E-01
   90.00      0.1372E-01
   91.00      0.1129E-01
   92.00      0.1098E-01
   93.00      0.1223E-01
   94.00      0.1424E-01
   95.00      0.1615E-01
   96.00      0.1728E-01
   97.00      0.1728E-01
   98.00      0.1612E-01
   99.00      0.1405E-01
   100.0      0.1147E-01
   101.0      0.8826E-02
   102.0      0.6533E-02
   103.0      0.4905E-02
   104.0      0.4088E-02
   105.0      0.4035E-02
   106.0      0.4536E-02
   107.0      0.5289E-02
   108.0      0.6002E-02
   109.0      0.6457E-02
   110.0      0.6536E-02
   111.0      0.6216E-02
   112.0      0.5541E-02
   113.0      0.4616E-02
   114.0      0.3589E-02
   115.0      0.2629E-02
   116.0      0.1884E-02
   117.0      0.1434E-02
   118.0      0.1279E-02
   119.0      0.1353E-02
   120.0      0.1561E-02
   121.0      0.1816E-02
   122.0      0.2047E-02
   123.0      0.2199E-02
   124.0      0.2229E-02
   125.0      0.2113E-02
   126.0      0.1861E-02
   127.0      0.1517E-02
   128.0      0.1150E-02
   129.0      0.8220E-03
   130.0      0.5729E-03
   131.0      0.4155E-03
   132.0      0.3469E-03
   133.0      0.3589E-03
   134.0      0.4381E-03
   135.0      0.5599E-03
   136.0      0.6873E-03
   137.0      0.7815E-03
   138.0      0.8167E-03
   139.0      0.7892E-03
   140.0      0.7132E-03
   141.0      0.6083E-03
   142.0      0.4898E-03
   143.0      0.3677E-03
   144.0      0.2534E-03
   145.0      0.1634E-03
   146.0      0.1143E-03
   147.0      0.1117E-03
   148.0      0.1446E-03
   149.0      0.1915E-03
   150.0      0.2349E-03
   151.0      0.2696E-03
   152.0      0.3002E-03
   153.0      0.3307E-03
   154.0      0.3574E-03
   155.0      0.3698E-03
   156.0      0.3584E-03
   157.0      0.3220E-03
   158.0      0.2678E-03
   159.0      0.2061E-03
   160.0      0.1440E-03
   161.0      0.8607E-04
   162.0      0.3932E-04
   163.0      0.1650E-04
   164.0      0.2963E-04
   165.0      0.7827E-04
   166.0      0.1443E-03
   167.0      0.2006E-03
   168.0      0.2263E-03
   169.0      0.2181E-03
   170.0      0.1885E-03
   171.0      0.1563E-03
   172.0      0.1371E-03
   173.0      0.1405E-03
   174.0      0.1720E-03
   175.0      0.2388E-03
   176.0      0.3481E-03
   177.0      0.4981E-03
   178.0      0.6638E-03
   179.0      0.7975E-03
   180.0      0.8493E-03
 &
@             s1 legend        "Partition=  1 Excit=  2 near/far= 1"
#             s0 legend        "Lab energy =  100.0000"
@s1 linestyle   2
#  Theta       sigma       iT11        T20         T21         T22         Kyy for projectile
   0.000       55.26    
   1.000       52.17    
   2.000       44.62    
   3.000       36.89    
   4.000       33.76    
   5.000       38.09    
   6.000       49.42    
   7.000       64.07    
   8.000       76.63    
   9.000       82.28    
   10.00       78.62    
   11.00       66.53    
   12.00       49.59    
   13.00       32.58    
   14.00       19.71    
   15.00       13.31    
   16.00       13.30    
   17.00       17.68    
   18.00       23.53    
   19.00       28.10    
   20.00       29.69    
   21.00       27.96    
   22.00       23.74    
   23.00       18.51    
   24.00       13.75    
   25.00       10.50    
   26.00       9.093    
   27.00       9.239    
   28.00       10.24    
   29.00       11.30    
   30.00       11.81    
   31.00       11.48    
   32.00       10.34    
   33.00       8.692    
   34.00       6.923    
   35.00       5.387    
   36.00       4.300    
   37.00       3.710    
   38.00       3.524    
   39.00       3.565    
   40.00       3.642    
   41.00       3.612    
   42.00       3.406    
   43.00       3.031    
   44.00       2.550    
   45.00       2.049    
   46.00       1.609    
   47.00       1.280    
   48.00       1.076    
   49.00      0.9797    
   50.00      0.9508    
   51.00      0.9454    
   52.00      0.9271    
   53.00      0.8751    
   54.00      0.7860    
   55.00      0.6704    
   56.00      0.5462    
   57.00      0.4319    
   58.00      0.3410    
   59.00      0.2796    
   60.00      0.2459    
   61.00      0.2324    
   62.00      0.2292    
   63.00      0.2269    
   64.00      0.2188    
   65.00      0.2022    
   66.00      0.1780    
   67.00      0.1494    
   68.00      0.1207    
   69.00      0.9571E-01
   70.00      0.7689E-01
   71.00      0.6495E-01
   72.00      0.5899E-01
   73.00      0.5707E-01
   74.00      0.5689E-01
   75.00      0.5642E-01
   76.00      0.5434E-01
   77.00      0.5017E-01
   78.00      0.4422E-01
   79.00      0.3730E-01
   80.00      0.3040E-01
   81.00      0.2439E-01
   82.00      0.1983E-01
   83.00      0.1688E-01
   84.00      0.1536E-01
   85.00      0.1484E-01
   86.00      0.1481E-01
   87.00      0.1478E-01
   88.00      0.1441E-01
   89.00      0.1354E-01
   90.00      0.1220E-01
   91.00      0.1054E-01
   92.00      0.8789E-02
   93.00      0.7156E-02
   94.00      0.5809E-02
   95.00      0.4830E-02
   96.00      0.4223E-02
   97.00      0.3922E-02
   98.00      0.3824E-02
   99.00      0.3810E-02
   100.0      0.3780E-02
   101.0      0.3665E-02
   102.0      0.3437E-02
   103.0      0.3103E-02
   104.0      0.2698E-02
   105.0      0.2270E-02
   106.0      0.1865E-02
   107.0      0.1518E-02
   108.0      0.1252E-02
   109.0      0.1071E-02
   110.0      0.9650E-03
   111.0      0.9153E-03
   112.0      0.8974E-03
   113.0      0.8880E-03
   114.0      0.8690E-03
   115.0      0.8302E-03
   116.0      0.7690E-03
   117.0      0.6889E-03
   118.0      0.5970E-03
   119.0      0.5020E-03
   120.0      0.4119E-03
   121.0      0.3338E-03
   122.0      0.2718E-03
   123.0      0.2276E-03
   124.0      0.1994E-03
   125.0      0.1838E-03
   126.0      0.1762E-03
   127.0      0.1723E-03
   128.0      0.1688E-03
   129.0      0.1635E-03
   130.0      0.1552E-03
   131.0      0.1434E-03
   132.0      0.1284E-03
   133.0      0.1113E-03
   134.0      0.9365E-04
   135.0      0.7705E-04
   136.0      0.6266E-04
   137.0      0.5106E-04
   138.0      0.4231E-04
   139.0      0.3621E-04
   140.0      0.3243E-04
   141.0      0.3053E-04
   142.0      0.2990E-04
   143.0      0.2984E-04
   144.0      0.2968E-04
   145.0      0.2901E-04
   146.0      0.2773E-04
   147.0      0.2596E-04
   148.0      0.2384E-04
   149.0      0.2145E-04
   150.0      0.1883E-04
   151.0      0.1609E-04
   152.0      0.1346E-04
   153.0      0.1118E-04
   154.0      0.9451E-05
   155.0      0.8275E-05
   156.0      0.7526E-05
   157.0      0.7036E-05
   158.0      0.6694E-05
   159.0      0.6470E-05
   160.0      0.6367E-05
   161.0      0.6375E-05
   162.0      0.6466E-05
   163.0      0.6637E-05
   164.0      0.6921E-05
   165.0      0.7344E-05
   166.0      0.7857E-05
   167.0      0.8314E-05
   168.0      0.8514E-05
   169.0      0.8286E-05
   170.0      0.7561E-05
   171.0      0.6399E-05
   172.0      0.4971E-05
   173.0      0.3503E-05
   174.0      0.2211E-05
   175.0      0.1265E-05
   176.0      0.7463E-06
   177.0      0.6379E-06
   178.0      0.8082E-06
   179.0      0.1047E-05
   180.0      0.1154E-05
 &
