# Fusion cross sections for ELAB=  100.000000, ECM=   75.000000
     0.0   2.883       2.893      0.1022E-01
     1.0   8.648       8.679      0.3075E-01
     2.0   14.41       14.46      0.5041E-01
     3.0   20.17       20.24      0.6960E-01
     4.0   25.92       26.01      0.8774E-01
     5.0   31.67       31.78      0.1030    
     6.0   37.41       37.53      0.1198    
     7.0   43.14       43.27      0.1299    
     8.0   48.86       49.01      0.1426    
     9.0   54.55       54.71      0.1594    
    10.0   60.26       60.43      0.1695    
    11.0   65.99       66.19      0.2014    
    12.0   71.60       71.86      0.2642    
    13.0   77.19       77.54      0.3459    
    14.0   83.12       83.73      0.6128    
    15.0   88.63       90.10       1.466    
    16.0   90.61       93.67       3.058    
    17.0   84.77       89.41       4.634    
    18.0   69.71       74.89       5.174    
    19.0   50.23       54.73       4.498    
    20.0   32.78       35.86       3.088    
    21.0   19.99       21.69       1.700    
    22.0   11.70       12.50      0.8020    
    23.0   6.715       7.064      0.3490    
    24.0   3.835       3.982      0.1468    
    25.0   2.191       2.252      0.6103E-01
    26.0   1.254       1.279      0.2529E-01
    27.0  0.7188      0.7293      0.1048E-01
    28.0  0.4125      0.4168      0.4344E-02
    29.0  0.2368      0.2386      0.1801E-02
    30.0  0.1359      0.1367      0.7468E-03
    31.0  0.7800E-01  0.7831E-01  0.3095E-03
    32.0  0.4473E-01  0.4486E-01  0.1281E-03
    33.0  0.2563E-01  0.2568E-01  0.5299E-04
    34.0  0.1467E-01  0.1469E-01  0.2189E-04
    35.0  0.8387E-02  0.8396E-02  0.9031E-05
    36.0  0.4791E-02  0.4795E-02  0.3721E-05
    37.0  0.2734E-02  0.2736E-02  0.1531E-05
    38.0  0.1559E-02  0.1560E-02  0.6289E-06
    39.0  0.8881E-03  0.8884E-03  0.2580E-06
    40.0  0.5054E-03  0.5055E-03  0.1057E-06
 & 
