# 181 angles,  1 tensor ranks for 0=projectile
@subtitle   "12C scattering"                                                                                                        
@legend ON
@legend x1 0.2
@legend y1 0.8
@g0 type LOGY
@             s0 legend        "Lab energy =    7.9700"
#             s0 legend        "Partition=  1 Excit=  1 near/far= 1"
#  Theta       sigma       iT11        T20         T21         T22         Kyy for projectile
  0.1000E-01   2286.    
   1.000       2283.    
   2.000       2275.    
   3.000       2261.    
   4.000       2241.    
   5.000       2216.    
   6.000       2185.    
   7.000       2150.    
   8.000       2110.    
   9.000       2065.    
   10.00       2016.    
   11.00       1963.    
   12.00       1906.    
   13.00       1847.    
   14.00       1784.    
   15.00       1719.    
   16.00       1652.    
   17.00       1583.    
   18.00       1513.    
   19.00       1442.    
   20.00       1371.    
   21.00       1299.    
   22.00       1228.    
   23.00       1157.    
   24.00       1088.    
   25.00       1019.    
   26.00       952.3    
   27.00       887.1    
   28.00       824.0    
   29.00       763.1    
   30.00       704.6    
   31.00       648.6    
   32.00       595.3    
   33.00       544.8    
   34.00       497.0    
   35.00       452.2    
   36.00       410.2    
   37.00       371.1    
   38.00       334.8    
   39.00       301.2    
   40.00       270.4    
   41.00       242.1    
   42.00       216.3    
   43.00       192.9    
   44.00       171.8    
   45.00       152.7    
   46.00       135.6    
   47.00       120.3    
   48.00       106.7    
   49.00       94.65    
   50.00       83.97    
   51.00       74.54    
   52.00       66.24    
   53.00       58.93    
   54.00       52.50    
   55.00       46.84    
   56.00       41.85    
   57.00       37.45    
   58.00       33.55    
   59.00       30.07    
   60.00       26.97    
   61.00       24.18    
   62.00       21.67    
   63.00       19.40    
   64.00       17.33    
   65.00       15.46    
   66.00       13.76    
   67.00       12.22    
   68.00       10.84    
   69.00       9.617    
   70.00       8.552    
   71.00       7.646    
   72.00       6.905    
   73.00       6.332    
   74.00       5.932    
   75.00       5.709    
   76.00       5.665    
   77.00       5.804    
   78.00       6.124    
   79.00       6.623    
   80.00       7.298    
   81.00       8.141    
   82.00       9.146    
   83.00       10.30    
   84.00       11.59    
   85.00       13.01    
   86.00       14.54    
   87.00       16.16    
   88.00       17.85    
   89.00       19.59    
   90.00       21.38    
   91.00       23.18    
   92.00       24.98    
   93.00       26.75    
   94.00       28.49    
   95.00       30.18    
   96.00       31.80    
   97.00       33.33    
   98.00       34.76    
   99.00       36.09    
   100.0       37.30    
   101.0       38.39    
   102.0       39.35    
   103.0       40.18    
   104.0       40.87    
   105.0       41.44    
   106.0       41.87    
   107.0       42.18    
   108.0       42.37    
   109.0       42.45    
   110.0       42.42    
   111.0       42.29    
   112.0       42.08    
   113.0       41.80    
   114.0       41.44    
   115.0       41.04    
   116.0       40.59    
   117.0       40.12    
   118.0       39.62    
   119.0       39.12    
   120.0       38.62    
   121.0       38.13    
   122.0       37.67    
   123.0       37.23    
   124.0       36.84    
   125.0       36.50    
   126.0       36.21    
   127.0       35.98    
   128.0       35.82    
   129.0       35.73    
   130.0       35.71    
   131.0       35.77    
   132.0       35.91    
   133.0       36.13    
   134.0       36.43    
   135.0       36.82    
   136.0       37.29    
   137.0       37.84    
   138.0       38.48    
   139.0       39.20    
   140.0       39.99    
   141.0       40.87    
   142.0       41.82    
   143.0       42.85    
   144.0       43.95    
   145.0       45.12    
   146.0       46.36    
   147.0       47.66    
   148.0       49.02    
   149.0       50.44    
   150.0       51.91    
   151.0       53.43    
   152.0       55.00    
   153.0       56.60    
   154.0       58.24    
   155.0       59.90    
   156.0       61.59    
   157.0       63.30    
   158.0       65.01    
   159.0       66.73    
   160.0       68.44    
   161.0       70.14    
   162.0       71.82    
   163.0       73.48    
   164.0       75.09    
   165.0       76.66    
   166.0       78.18    
   167.0       79.64    
   168.0       81.03    
   169.0       82.34    
   170.0       83.57    
   171.0       84.70    
   172.0       85.74    
   173.0       86.67    
   174.0       87.49    
   175.0       88.19    
   176.0       88.77    
   177.0       89.22    
   178.0       89.55    
   179.0       89.75    
   180.0       89.82    
 &
